BetaPara	BetaPerp	DeltaPara	DeltaPerp	Delta	Beta	Energy
5.37e-05	5.79e-05	9.72e-05	0.000489332	0.000216203	5.55e-05	280.0
5.33e-05	5.77e-05	8.74e-05	0.000481987	0.00020736	5.52e-05	280.05
5.3e-05	5.74e-05	7.75e-05	0.000474558	0.00019841	5.49e-05	280.1
5.26e-05	5.72e-05	6.75e-05	0.000467042	0.000189349	5.46e-05	280.15
5.23e-05	5.7e-05	5.74e-05	0.000459464	0.000180211	5.43e-05	280.2
5.2e-05	5.68e-05	4.72e-05	0.000451792	0.000170953	5.41e-05	280.25
5.17e-05	5.66e-05	3.68e-05	0.000444017	0.000161564	5.38e-05	280.3
5.13e-05	5.63e-05	2.62e-05	0.000436135	0.000152037	5.35e-05	280.35
5.1e-05	5.61e-05	1.54e-05	0.000428107	0.000142321	5.32e-05	280.4
5.07e-05	5.59e-05	4.46e-06	0.000419977	0.000132473	5.29e-05	280.45
5.03e-05	5.56e-05	-6.65e-06	0.000411737	0.000122484	5.26e-05	280.5
5e-05	5.54e-05	-1.79e-05	0.000403388	0.000112356	5.23e-05	280.55
4.96e-05	5.51e-05	-2.93e-05	0.000394949	0.000102115	5.2e-05	280.6
4.93e-05	5.49e-05	-4.09e-05	0.000386375	9.17e-05	5.17e-05	280.65
4.89e-05	5.47e-05	-5.28e-05	0.000377658	8.11e-05	5.14e-05	280.7
4.87e-05	5.45e-05	-6.47e-05	0.000368861	7.04e-05	5.12e-05	280.75
4.83e-05	5.43e-05	-7.71e-05	0.000359836	5.94e-05	5.09e-05	280.8
4.8e-05	5.4e-05	-8.96e-05	0.000350656	4.82e-05	5.06e-05	280.85
4.77e-05	5.38e-05	-0.00010252	0.000341322	3.68e-05	5.03e-05	280.9
4.76e-05	5.36e-05	-0.000115803	0.000331831	2.52e-05	5.01e-05	280.95
4.78e-05	5.34e-05	-0.000128763	0.000322108	1.33e-05	4.98e-05	281.0
4.73e-05	5.32e-05	-0.000142305	0.000312118	1.05e-06	4.96e-05	281.05
4.78e-05	5.35e-05	-0.000156433	0.000301972	-1.14e-05	4.99e-05	281.1
4.85e-05	5.38e-05	-0.000169976	0.000291859	-2.38e-05	5.03e-05	281.15
4.85e-05	5.4e-05	-0.000183742	0.000281665	-3.63e-05	5.06e-05	281.2
4.86e-05	5.42e-05	-0.000198179	0.000271317	-4.9e-05	5.09e-05	281.25
4.92e-05	5.44e-05	-0.000212914	0.000260737	-6.2e-05	5.12e-05	281.3
4.97e-05	5.47e-05	-0.00022731	0.000250147	-7.5e-05	5.16e-05	281.35
4.99e-05	5.5e-05	-0.000242005	0.000239397	-8.82e-05	5.2e-05	281.4
5.01e-05	5.53e-05	-0.000257555	0.000228309	-0.00010186	5.24e-05	281.45
5.08e-05	5.58e-05	-0.00027335	0.000217115	-0.000115663	5.31e-05	281.5
5.17e-05	5.63e-05	-0.000289181	0.000205857	-0.000129543	5.38e-05	281.55
5.29e-05	5.7e-05	-0.000305099	0.000194507	-0.000143533	5.47e-05	281.6
5.38e-05	5.74e-05	-0.000320759	0.000183197	-0.000157447	5.53e-05	281.65
5.38e-05	5.75e-05	-0.000336852	0.000171581	-0.000171759	5.54e-05	281.7
5.4e-05	5.77e-05	-0.000354246	0.000159188	-0.000187098	5.56e-05	281.75
5.52e-05	5.84e-05	-0.000371897	0.000146617	-0.000202663	5.66e-05	281.8
5.65e-05	5.93e-05	-0.000389062	0.000134285	-0.000217889	5.78e-05	281.85
5.71e-05	6e-05	-0.000406503	0.000121839	-0.000233265	5.86e-05	281.9
5.77e-05	6.05e-05	-0.000424878	0.000109057	-0.000249139	5.93e-05	281.95
5.84e-05	6.1e-05	-0.000443911	9.59e-05	-0.000265491	5.99e-05	282.0
5.94e-05	6.15e-05	-0.000463682	8.23e-05	-0.000282426	6.06e-05	282.05
6.15e-05	6.23e-05	-0.000483641	6.85e-05	-0.000299688	6.18e-05	282.1
6.36e-05	6.32e-05	-0.000502794	5.45e-05	-0.000317012	6.3e-05	282.15
6.45e-05	6.4e-05	-0.000522208	4.03e-05	-0.000334594	6.41e-05	282.2
6.53e-05	6.49e-05	-0.000542693	2.59e-05	-0.000352565	6.52e-05	282.25
6.63e-05	6.58e-05	-0.000563847	1.11e-05	-0.000370909	6.64e-05	282.3
6.73e-05	6.66e-05	-0.000585665	-3.84e-06	-0.000389603	6.75e-05	282.35
6.84e-05	6.72e-05	-0.000608697	-1.96e-05	-0.000409315	6.83e-05	282.4
7.06e-05	6.85e-05	-0.000631862	-3.56e-05	-0.000429368	7e-05	282.45
7.22e-05	6.95e-05	-0.000654983	-5.17e-05	-0.000449465	7.13e-05	282.5
7.34e-05	7.03e-05	-0.000678913	-6.83e-05	-0.000470196	7.24e-05	282.55
7.47e-05	7.12e-05	-0.000703657	-8.53e-05	-0.000491541	7.36e-05	282.6
7.6e-05	7.21e-05	-0.00072924	-0.000102815	-0.000513546	7.48e-05	282.65
7.73e-05	7.3e-05	-0.000755666	-0.000120854	-0.000536216	7.6e-05	282.7
7.86e-05	7.39e-05	-0.00078318	-0.00013955	-0.000559751	7.72e-05	282.75
7.99e-05	7.49e-05	-0.000811796	-0.000158908	-0.000584158	7.84e-05	282.8
8.13e-05	7.58e-05	-0.000841532	-0.000178925	-0.000609435	7.96e-05	282.85
8.27e-05	7.68e-05	-0.000872607	-0.00019971	-0.000635731	8.09e-05	282.9
8.44e-05	7.78e-05	-0.000905323	-0.00022143	-0.00066327	8.23e-05	282.95
8.71e-05	7.94e-05	-0.000939241	-0.000243885	-0.000691766	8.44e-05	283.0
9.03e-05	8.11e-05	-0.000973932	-0.000266898	-0.000720963	8.68e-05	283.05
9.36e-05	8.29e-05	-0.00100959	-0.000290594	-0.000751035	8.92e-05	283.1
9.69e-05	8.47e-05	-0.00104679	-0.000315299	-0.000782423	9.17e-05	283.15
0.000100283	8.65e-05	-0.00108554	-0.000341005	-0.000815121	9.41e-05	283.2
0.000103727	8.84e-05	-0.001126	-0.000367807	-0.000849253	9.66e-05	283.25
0.000107277	9.03e-05	-0.00116842	-0.000395855	-0.00088502	9.92e-05	283.3
0.00011079	9.22e-05	-0.00121302	-0.000425288	-0.000922603	0.000101715	283.35
0.000114459	9.41e-05	-0.00126037	-0.000456448	-0.000962459	0.000104306	283.4
0.000118751	9.64e-05	-0.00131086	-0.000489908	-0.00100533	0.000107332	283.45
0.000124484	0.000100164	-0.00136409	-0.000525085	-0.00105046	0.000112352	283.5
0.00013085	0.000104335	-0.00142013	-0.000561599	-0.00109736	0.000117913	283.55
0.000137369	0.000108607	-0.00147934	-0.00059995	-0.00114668	0.000123576	283.6
0.000143994	0.000112943	-0.00154248	-0.000640597	-0.00119902	0.000129324	283.65
0.000150718	0.000117339	-0.00161026	-0.000683966	-0.00125495	0.000135152	283.7
0.000157548	0.000121801	-0.00168387	-0.000730755	-0.00131539	0.000141068	283.75
0.000164482	0.000126325	-0.0017648	-0.000781828	-0.00138149	0.000147067	283.8
0.00017151	0.000130909	-0.00185527	-0.000838406	-0.00145487	0.000153145	283.85
0.000179537	0.0001357	-0.00196015	-0.00090294	-0.00153881	0.000159533	283.9
0.000200128	0.000146528	-0.00209147	-0.000984951	-0.00164579	0.000174071	283.95
0.000252545	0.000178635	-0.00222798	-0.00106993	-0.00175654	0.000216813	284.0
0.000319	0.000217855	-0.00235479	-0.00114835	-0.00185825	0.000269073	284.05
0.000389671	0.00025959	-0.00248074	-0.00122806	-0.00196063	0.000324253	284.1
0.000469025	0.000309196	-0.00260787	-0.00130799	-0.00206382	0.000387662	284.15
0.000549948	0.000359754	-0.00273776	-0.00138749	-0.00216815	0.000452272	284.2
0.000631342	0.000410047	-0.00287805	-0.00147189	-0.00227994	0.000516963	284.25
0.000712511	0.00045935	-0.0030356	-0.00156484	-0.00240427	0.000580966	284.3
0.000789255	0.000503454	-0.00323427	-0.00168134	-0.00255983	0.000640139	284.35
0.000877554	0.000549557	-0.00351794	-0.00184372	-0.00277551	0.000702342	284.4
0.00106518	0.000641979	-0.00394735	-0.00211033	-0.00312929	0.000826405	284.45
0.00156925	0.000951898	-0.00436062	-0.00236907	-0.00347225	0.00123963	284.5
0.00218603	0.00131416	-0.00455482	-0.00248202	-0.00362104	0.00172281	284.55
0.00281857	0.00168239	-0.00460941	-0.00251928	-0.00366872	0.00221392	284.6
0.00345828	0.00205511	-0.00455639	-0.00249569	-0.00363515	0.00271098	284.65
0.00410425	0.00243191	-0.00440279	-0.0024147	-0.00352494	0.00321344	284.7
0.00475732	0.00281332	-0.00413709	-0.00226956	-0.00332911	0.00372199	284.75
0.00541738	0.003199	-0.00375062	-0.00205579	-0.00304168	0.00423623	284.8
0.00608363	0.00358882	-0.00320928	-0.00175522	-0.00263839	0.00475593	284.85
0.00673591	0.00397815	-0.00242299	-0.00132386	-0.00206043	0.00527473	284.9
0.00711061	0.00423092	-0.00116894	-0.000587797	-0.00107716	0.00561096	284.95
0.00679377	0.00403681	1.19e-05	0.000101147	-0.000156365	0.00535291	285.0
0.00625742	0.00373597	0.000787411	0.000533341	0.000423109	0.00495206	285.05
0.00572018	0.00344179	0.00132707	0.000840499	0.000835896	0.00455979	285.1
0.0051951	0.00315372	0.00172014	0.00106748	0.00114198	0.00417549	285.15
0.00468193	0.00287155	0.00201029	0.00123777	0.00137268	0.0037989	285.2
0.00418062	0.00259514	0.00221476	0.00136075	0.00154056	0.00342972	285.25
0.00369139	0.00232473	0.00234108	0.00144081	0.00165145	0.00306804	285.3
0.00321503	0.00206049	0.00238638	0.00147687	0.00170382	0.00271379	285.35
0.00275491	0.00180259	0.00234225	0.00146676	0.00169373	0.00236707	285.4
0.00235392	0.00156976	0.00218233	0.00138755	0.00159075	0.00205392	285.45
0.00212279	0.00143746	0.00199363	0.00129155	0.00146374	0.00187449	285.5
0.00194368	0.00132483	0.00187558	0.00123673	0.00139128	0.00172423	285.55
0.00177022	0.00121335	0.00178453	0.00119052	0.00133196	0.00157603	285.6
0.0015977	0.00110258	0.00170048	0.00114459	0.00127387	0.00142861	285.65
0.0014265	0.000992777	0.00161474	0.00109487	0.00121136	0.00128224	285.7
0.00125647	0.000883873	0.00152117	0.00103806	0.00114005	0.00113672	285.75
0.00108751	0.000775954	0.00141509	0.000971766	0.00105664	0.000991987	285.8
0.000920039	0.000669404	0.00129094	0.000892973	0.000956815	0.000848166	285.85
0.000756488	0.000564119	0.00113622	0.000796132	0.000831091	0.000705897	285.9
0.000626706	0.000475932	0.000923505	0.000650351	0.000646882	0.000589023	285.95
0.000581399	0.000458586	0.000713195	0.000508753	0.000464854	0.000555208	286.0
0.000568985	0.000456355	0.000547699	0.00040441	0.000326116	0.000546857	286.05
0.000559137	0.000453692	0.000408945	0.000314348	0.000208672	0.000539406	286.1
0.000549209	0.000451369	0.000282767	0.000231541	0.00010128	0.000531859	286.15
0.00053922	0.000449435	0.000162936	0.000152491	-1.23e-06	0.000524232	286.2
0.000529153	0.000447977	4.56e-05	7.5e-05	-0.000102134	0.000516505	286.25
0.000519	0.000447131	-7.29e-05	-2.99e-06	-0.000204716	0.000508673	286.3
0.000508776	0.000446995	-0.000197861	-8.39e-05	-0.000313487	0.000500741	286.35
0.000500057	0.000444597	-0.000339332	-0.000169228	-0.000436742	0.000493301	286.4
0.000510726	0.000441569	-0.000514091	-0.000291471	-0.000594847	0.000500925	286.45
0.000594587	0.000515483	-0.000686674	-0.00041323	-0.000751186	0.000583283	286.5
0.000700239	0.000590903	-0.000813823	-0.000490674	-0.000861913	0.000682554	286.55
0.000809402	0.000666038	-0.000914491	-0.000556062	-0.000949517	0.000783988	286.6
0.000920551	0.000743615	-0.000996467	-0.000610217	-0.00102041	0.000887128	286.65
0.00103356	0.000823184	-0.00106205	-0.000653564	-0.00107653	0.000991901	286.7
0.00114849	0.000904558	-0.0011124	-0.000686394	-0.00111879	0.0010984	286.75
0.00126534	0.000987503	-0.00114798	-0.000708877	-0.00114756	0.0012066	286.8
0.00138413	0.0010721	-0.00116702	-0.000719642	-0.00116116	0.00131658	286.85
0.00150379	0.00115856	-0.00116313	-0.000714625	-0.00115389	0.00142782	286.9
0.00160773	0.001235	-0.00112107	-0.000674048	-0.00110752	0.00152495	286.95
0.00166554	0.0012654	-0.00107682	-0.000634347	-0.00106023	0.00157322	287.0
0.00170973	0.0012879	-0.00105346	-0.000617788	-0.00103612	0.00160947	287.05
0.00175392	0.00131182	-0.00103883	-0.000608615	-0.00102078	0.00164613	287.1
0.00179863	0.00133641	-0.00102703	-0.000602944	-0.00100893	0.00168321	287.15
0.00184379	0.00136159	-0.00101581	-0.000599097	-0.000998507	0.00172065	287.2
0.00188948	0.00138738	-0.00100369	-0.000596023	-0.00098817	0.00175852	287.25
0.00193577	0.00141375	-0.000989138	-0.000592896	-0.000976711	0.00179685	287.3
0.00198255	0.00144066	-0.000970099	-0.00058865	-0.000962536	0.00183559	287.35
0.00202919	0.0014682	-0.000942276	-0.000581601	-0.000942684	0.00187458	287.4
0.00206769	0.00149363	-0.000898692	-0.000565568	-0.000909895	0.00190858	287.45
0.00207464	0.00149972	-0.000854891	-0.000550617	-0.000877669	0.00191576	287.5
0.00207232	0.0015037	-0.000829891	-0.000547914	-0.000861709	0.00191752	287.55
0.00206905	0.00150807	-0.000816359	-0.000550942	-0.000854357	0.00191901	287.6
0.00206582	0.00151264	-0.000810795	-0.000558726	-0.000853465	0.0019205	287.65
0.00206264	0.00151743	-0.000812552	-0.000571424	-0.000858833	0.00192198	287.7
0.0020595	0.00152245	-0.000821385	-0.000589321	-0.000870514	0.00192347	287.75
0.0020564	0.0015277	-0.000837935	-0.000613278	-0.000889312	0.00192496	287.8
0.00205334	0.00153321	-0.000864204	-0.000645131	-0.000917261	0.00192645	287.85
0.00205167	0.00153867	-0.000907363	-0.00069017	-0.000960947	0.00192852	287.9
0.00206837	0.00155843	-0.000983149	-0.000773426	-0.00104167	0.0019478	287.95
0.00213707	0.00163946	-0.00105549	-0.000849991	-0.00111639	0.00202657	288.0
0.00222682	0.00173411	-0.00109561	-0.000889626	-0.00115404	0.00212279	288.05
0.00231724	0.00182971	-0.00111314	-0.000910966	-0.00116988	0.00221859	288.1
0.00240691	0.00192669	-0.00111684	-0.000918915	-0.00117161	0.00231351	288.15
0.00249569	0.00202485	-0.00110935	-0.000915005	-0.00116173	0.00240745	288.2
0.00258364	0.00212437	-0.00109165	-0.000899294	-0.00114114	0.00250044	288.25
0.0026708	0.00222507	-0.00106285	-0.000870001	-0.00110881	0.0025925	288.3
0.00275713	0.00232686	-0.00102228	-0.000825478	-0.00106397	0.00268366	288.35
0.00284215	0.00243036	-0.000965749	-0.00076067	-0.00100229	0.00277368	288.4
0.00291635	0.00252634	-0.000883796	-0.000650062	-0.000911088	0.00285305	288.45
0.00294754	0.00254248	-0.000798075	-0.000533987	-0.000816109	0.00288129	288.5
0.0029687	0.00254968	-0.000732094	-0.000456421	-0.000745164	0.0028996	288.55
0.00298888	0.00255794	-0.000674695	-0.000391266	-0.000683841	0.00291731	288.6
0.00300891	0.00256646	-0.000621049	-0.000332777	-0.000627052	0.00293493	288.65
0.00302877	0.0025752	-0.000568945	-0.000278537	-0.000572524	0.00295243	288.7
0.00304849	0.00258414	-0.000516602	-0.000226307	-0.000518344	0.00296984	288.75
0.00306811	0.00259321	-0.000462452	-0.000174714	-0.000462972	0.00298717	288.8
0.00308756	0.00260245	-0.000404512	-0.000122559	-0.000404597	0.00300439	288.85
0.00310525	0.0026147	-0.000336496	-6.93e-05	-0.000338249	0.00302095	288.9
0.00310866	0.00262587	-0.000251052	1.39e-05	-0.000251373	0.00302623	288.95
0.0030792	0.00258729	-0.000171372	8.9e-05	-0.0001709	0.00299429	289.0
0.0030373	0.00255145	-0.000113841	0.00013338	-0.000114884	0.00295342	289.05
0.0029947	0.00251797	-7.2e-05	0.00017088	-7.26e-05	0.00291259	289.1
0.00295208	0.00248451	-4.02e-05	0.000201671	-3.97e-05	0.00287173	289.15
0.00290952	0.00245109	-1.73e-05	0.000226183	-1.52e-05	0.00283093	289.2
0.00286696	0.00241767	-2.83e-06	0.000244635	1.33e-06	0.00279013	289.25
0.00282438	0.00238433	1.63e-06	0.000256163	8.51e-06	0.00274933	289.3
0.00278183	0.002351	-4.85e-06	0.000260506	5.53e-06	0.00270855	289.35
0.00274021	0.00231595	-2.8e-05	0.000256826	-1.22e-05	0.00266807	289.4
0.0027117	0.00227843	-7.74e-05	0.00022112	-5.79e-05	0.00263709	289.45
0.00273082	0.00230118	-0.000128267	0.000184526	-0.000104872	0.0026573	289.5
0.00276235	0.00232311	-0.000154879	0.000177259	-0.000126083	0.00268684	289.55
0.00279523	0.00234263	-0.000167719	0.000176673	-0.000135061	0.00271681	289.6
0.00282808	0.0023622	-0.000172244	0.000181109	-0.000136411	0.00274673	289.65
0.00286084	0.0023818	-0.000170224	0.000190014	-0.000131624	0.00277655	289.7
0.00289356	0.00240144	-0.000163075	0.0002027	-0.000121956	0.00280631	289.75
0.00292625	0.00242109	-0.00015105	0.000219215	-0.000107581	0.00283603	289.8
0.00295887	0.00244078	-0.000133923	0.000240013	-8.82e-05	0.00286567	289.85
0.00299109	0.00246082	-0.000109493	0.000267144	-6.16e-05	0.00289507	289.9
0.00301838	0.00247627	-7.4e-05	0.000310406	-2.22e-05	0.00291951	289.95
0.00303064	0.00246686	-3.76e-05	0.000352427	1.76e-05	0.00292577	290.0
0.00303793	0.00245296	-8.43e-06	0.000379914	4.81e-05	0.00292685	290.05
0.00304499	0.00244009	1.73e-05	0.000401175	7.43e-05	0.00292777	290.1
0.00305205	0.00242802	4.16e-05	0.000418689	9.82e-05	0.00292868	290.15
0.0030591	0.0024167	6.52e-05	0.000433565	0.000120773	0.00292958	290.2
0.00306615	0.00240617	8.87e-05	0.000446231	0.000142355	0.00293048	290.25
0.0030732	0.00239633	0.000112512	0.000456897	0.000163349	0.00293137	290.3
0.00308025	0.0023871	0.000137325	0.000465785	0.000184126	0.00293226	290.35
0.00308711	0.00237862	0.000164407	0.000472488	0.000205276	0.00293311	290.4
0.00309108	0.00237243	0.00019606	0.000477068	0.000228147	0.00293293	290.45
0.00308516	0.00236946	0.000226551	0.000481406	0.000249992	0.002928	290.5
0.00307707	0.00236791	0.000251024	0.000487013	0.000268579	0.00292232	290.55
0.00306887	0.00236666	0.000272005	0.000493444	0.000285292	0.00291667	290.6
0.00306073	0.00236548	0.000290541	0.000500142	0.000300546	0.00291105	290.65
0.00305265	0.00236438	0.000306966	0.000506862	0.000314444	0.00290547	290.7
0.00304461	0.00236335	0.000321563	0.000513456	0.000327102	0.00289992	290.75
0.00303662	0.0023624	0.000334339	0.000519825	0.000338478	0.00289439	290.8
0.00302868	0.00236151	0.000345059	0.000525835	0.000348359	0.0028889	290.85
0.00302096	0.00236058	0.000352847	0.000531304	0.000356092	0.00288349	290.9
0.00301526	0.00236004	0.000356071	0.000534453	0.000359915	0.00287954	290.95
0.00301597	0.00236333	0.000358997	0.000537895	0.000363624	0.00288125	291.0
0.00301856	0.00236678	0.000364963	0.000543521	0.000370141	0.00288426	291.05
0.00302122	0.00237012	0.000372271	0.000549693	0.000377732	0.00288727	291.1
0.00302387	0.00237344	0.000380083	0.000556235	0.000385781	0.00289026	291.15
0.00302649	0.00237674	0.000388055	0.000563025	0.000394018	0.00289323	291.2
0.00302909	0.00238003	0.000395943	0.000569982	0.000402251	0.00289618	291.25
0.00303168	0.0023833	0.000403471	0.000577027	0.000410268	0.00289911	291.3
0.00303424	0.00238656	0.000410318	0.000584078	0.000417826	0.00290202	291.35
0.0030369	0.00238968	0.000415764	0.000591121	0.000424439	0.00290494	291.4
0.00304127	0.00239256	0.000418406	0.000596678	0.000428631	0.00290891	291.45
0.00305115	0.00239848	0.000421506	0.000602615	0.000433272	0.00291769	291.5
0.00306259	0.00240416	0.000427944	0.000610281	0.000440781	0.00292741	291.55
0.00307412	0.00240963	0.000436429	0.000618331	0.0004498	0.00293709	291.6
0.00308558	0.00241509	0.000446295	0.000626767	0.000459879	0.00294672	291.65
0.00309696	0.00242054	0.00045723	0.000635546	0.000470793	0.00295628	291.7
0.00310827	0.00242599	0.000469049	0.000644643	0.000482407	0.00296577	291.75
0.00311952	0.00243142	0.000481687	0.000654046	0.000494673	0.00297521	291.8
0.00313069	0.00243685	0.000495136	0.000663758	0.000507584	0.00298459	291.85
0.00314177	0.00244229	0.000509483	0.000673803	0.000521203	0.0029939	291.9
0.00315254	0.00244769	0.000524837	0.000684367	0.000535673	0.00300299	291.95
0.00316248	0.00245262	0.000540689	0.000695174	0.000550555	0.00301134	292.0
0.00317214	0.0024575	0.000556652	0.000705986	0.000565505	0.00301949	292.05
0.00318172	0.00246236	0.000572915	0.000716968	0.00058071	0.00302757	292.1
0.00319125	0.00246721	0.000589581	0.000728161	0.000596254	0.00303561	292.15
0.00320071	0.00247204	0.000606675	0.000739571	0.000612153	0.00304359	292.2
0.00321011	0.00247686	0.000624271	0.000751245	0.000628475	0.00305151	292.25
0.00321945	0.00248165	0.000642437	0.000763217	0.000645275	0.00305938	292.3
0.00322873	0.00248642	0.000661195	0.000775488	0.000662567	0.00306721	292.35
0.00323793	0.00249121	0.00068072	0.000788117	0.000680485	0.00307498	292.4
0.0032467	0.00249598	0.000701195	0.000801576	0.000699344	0.00308246	292.45
0.0032546	0.00249972	0.000722207	0.000815303	0.000718646	0.00308897	292.5
0.00326206	0.00250337	0.000743315	0.000828809	0.00073791	0.00309516	292.55
0.0032694	0.00250703	0.000764637	0.000842466	0.000757366	0.00310127	292.6
0.00327669	0.00251067	0.000786447	0.000856399	0.000777239	0.00310734	292.65
0.00328392	0.00251429	0.000808857	0.000870667	0.000797623	0.00311335	292.7
0.0032911	0.00251789	0.000832001	0.000885357	0.000818638	0.00311933	292.75
0.00329823	0.00252147	0.000856068	0.000900583	0.000840452	0.00312526	292.8
0.00330531	0.00252502	0.000881412	0.000916563	0.000863373	0.00313114	292.85
0.00331219	0.00252858	0.000908839	0.000933729	0.000888085	0.00313691	292.9
0.0033174	0.00253124	0.000940011	0.000953874	0.000916398	0.00314125	292.95
0.00331645	0.00252878	0.000971196	0.000973721	0.000944581	0.00313957	293.0
0.00331402	0.00252596	0.000999299	0.0009908	0.000969655	0.00313682	293.05
0.00331155	0.00252322	0.00102615	0.00100712	0.000993631	0.0031341	293.1
0.00330909	0.0025205	0.00105251	0.00102301	0.00101712	0.00313138	293.15
0.00330665	0.00251779	0.00107874	0.00103866	0.00104042	0.00312868	293.2
0.00330422	0.00251511	0.00110517	0.00105421	0.00106379	0.003126	293.25
0.0033018	0.00251244	0.00113222	0.00106988	0.00108761	0.00312333	293.3
0.00329939	0.00250979	0.00116042	0.00108588	0.00111226	0.00312067	293.35
0.00329684	0.00250721	0.00119092	0.00110255	0.0011386	0.00311796	293.4
0.0032912	0.00250395	0.00122663	0.00112225	0.00116945	0.0031131	293.45
0.00327617	0.00249515	0.00126113	0.00114119	0.00119926	0.00310008	293.5
0.00325881	0.00248585	0.00128991	0.00115683	0.00122416	0.00308543	293.55
0.00324145	0.0024768	0.00131552	0.00117119	0.00124659	0.00307087	293.6
0.0032242	0.00246785	0.00133896	0.00118457	0.00126729	0.00305639	293.65
0.00320707	0.002459	0.00136087	0.00119724	0.00128675	0.00304201	293.7
0.00319004	0.00245023	0.00138156	0.00120933	0.00130523	0.00302771	293.75
0.00317311	0.00244156	0.00140126	0.00122097	0.00132291	0.00301349	293.8
0.0031563	0.00243298	0.00142012	0.00123222	0.00133992	0.00299936	293.85
0.00313953	0.00242455	0.0014385	0.00124319	0.00135652	0.00298529	293.9
0.00312242	0.00241616	0.00145676	0.00125462	0.00137324	0.002971	293.95
0.00310398	0.00240623	0.00147415	0.00126558	0.00138922	0.00295521	294.0
0.00308516	0.00239643	0.00148983	0.0012752	0.00140358	0.00293921	294.05
0.00306641	0.00238677	0.00150424	0.00128424	0.00141689	0.00292328	294.1
0.00304774	0.0023772	0.00151761	0.00129274	0.00142933	0.00290741	294.15
0.00302919	0.00236774	0.00153	0.00130077	0.00144094	0.00289164	294.2
0.00301074	0.0023584	0.00154142	0.00130831	0.00145174	0.00287594	294.25
0.00299236	0.00234916	0.0015519	0.00131541	0.00146175	0.00286031	294.3
0.00297408	0.00234002	0.00156136	0.00132207	0.00147092	0.00284476	294.35
0.00295592	0.00233096	0.00156962	0.00132829	0.00147911	0.00282928	294.4
0.00293858	0.00232204	0.00157602	0.00133331	0.00148562	0.00281438	294.45
0.00292319	0.00231464	0.001582	0.00133823	0.00149179	0.00280132	294.5
0.00290845	0.00230734	0.00158849	0.00134371	0.0014985	0.00278872	294.55
0.00289382	0.00230003	0.00159503	0.00134912	0.00150521	0.00277617	294.6
0.00287925	0.00229279	0.00160137	0.00135444	0.00151175	0.00276366	294.65
0.00286475	0.00228562	0.00160737	0.00135964	0.001518	0.00275122	294.7
0.00285031	0.00227851	0.00161297	0.00136469	0.00152392	0.00273881	294.75
0.00283592	0.00227149	0.00161807	0.00136958	0.00152943	0.00272645	294.8
0.00282159	0.00226454	0.00162245	0.00137427	0.00153435	0.00271414	294.85
0.00280737	0.00225761	0.00162587	0.00137878	0.00153853	0.0027019	294.9
0.00279378	0.00225071	0.00162757	0.00138267	0.00154128	0.00269009	294.95
0.00278306	0.00224486	0.00162913	0.0013865	0.00154389	0.00268065	295.0
0.0027729	0.00223896	0.00163201	0.00139077	0.00154757	0.00267158	295.05
0.00276281	0.00223305	0.00163534	0.00139502	0.00155155	0.00266254	295.1
0.00275274	0.00222717	0.00163888	0.00139924	0.00155566	0.00265353	295.15
0.00274272	0.00222133	0.00164248	0.0014034	0.00155979	0.00264457	295.2
0.00273273	0.00221551	0.00164607	0.00140747	0.00156387	0.00263562	295.25
0.00272276	0.00220973	0.00164959	0.00141145	0.00156787	0.00262671	295.3
0.00271284	0.00220398	0.00165298	0.00141532	0.00157174	0.00261782	295.35
0.00270295	0.00219823	0.00165615	0.00141908	0.00157541	0.00260897	295.4
0.0026933	0.00219253	0.00165897	0.00142239	0.00157868	0.00260029	295.45
0.00268412	0.00218748	0.00166171	0.00142567	0.00158188	0.00259213	295.5
0.00267514	0.00218249	0.0016646	0.00142924	0.00158527	0.00258415	295.55
0.00266622	0.00217751	0.00166753	0.00143284	0.00158869	0.0025762	295.6
0.00265733	0.00217255	0.00167039	0.00143644	0.00159206	0.00256827	295.65
0.00264847	0.00216763	0.00167317	0.00144003	0.00159536	0.00256038	295.7
0.00263964	0.00216273	0.00167582	0.0014436	0.00159855	0.0025525	295.75
0.00263083	0.00215787	0.00167832	0.00144717	0.00160163	0.00254466	295.8
0.00262206	0.00215303	0.00168059	0.00145075	0.00160453	0.00253684	295.85
0.00261334	0.00214816	0.00168252	0.00145442	0.00160721	0.00252905	295.9
0.00260487	0.00214309	0.00168396	0.00145791	0.00160945	0.00252138	295.95
0.00259723	0.00213827	0.00168532	0.00146131	0.00161161	0.00251439	296.0
0.00258977	0.00213329	0.00168696	0.00146473	0.00161398	0.00250749	296.05
0.00258235	0.00212829	0.00168867	0.00146801	0.00161636	0.00250062	296.1
0.00257495	0.00212331	0.00169036	0.00147119	0.00161869	0.00249376	296.15
0.00256758	0.00211835	0.00169198	0.00147426	0.00162093	0.00248693	296.2
0.00256024	0.00211341	0.00169348	0.00147724	0.00162305	0.00248012	296.25
0.00255291	0.00210848	0.00169479	0.00148012	0.00162501	0.00247333	296.3
0.00254561	0.00210357	0.00169584	0.0014829	0.00162672	0.00246656	296.35
0.00253834	0.00209866	0.00169643	0.00148555	0.00162807	0.00245982	296.4
0.00253157	0.00209376	0.00169602	0.00148787	0.00162857	0.00245345	296.45
0.0025263	0.00208926	0.00169567	0.0014901	0.00162909	0.0024483	296.5
0.0025215	0.00208482	0.00169614	0.00149246	0.00163026	0.00244353	296.55
0.00251674	0.00208039	0.00169705	0.0014948	0.00163175	0.00243879	296.6
0.002512	0.00207597	0.00169821	0.00149709	0.0016334	0.00243406	296.65
0.00250727	0.00207157	0.00169952	0.0014993	0.00163514	0.00242934	296.7
0.00250256	0.00206718	0.00170092	0.00150143	0.00163693	0.00242465	296.75
0.00249786	0.0020628	0.00170238	0.00150344	0.00163872	0.00241996	296.8
0.00249318	0.00205844	0.00170386	0.00150529	0.00164048	0.00241529	296.85
0.00248851	0.00205408	0.00170531	0.00150693	0.00164217	0.00241064	296.9
0.00248392	0.0020498	0.00170671	0.00150803	0.00164366	0.00240606	296.95
0.00247952	0.00204652	0.00170812	0.00150906	0.00164515	0.00240189	297.0
0.00247521	0.00204336	0.00170963	0.00151056	0.00164684	0.00239782	297.05
0.00247091	0.00204021	0.0017112	0.00151222	0.00164861	0.00239377	297.1
0.00246663	0.00203707	0.00171278	0.00151397	0.0016504	0.00238973	297.15
0.00246236	0.00203394	0.00171433	0.00151575	0.00165219	0.00238571	297.2
0.0024581	0.00203082	0.00171583	0.00151754	0.00165394	0.00238169	297.25
0.00245386	0.00202771	0.00171725	0.00151932	0.00165562	0.00237769	297.3
0.00244962	0.00202461	0.00171853	0.00152107	0.00165719	0.00237369	297.35
0.00244543	0.00202148	0.00171955	0.00152281	0.00165857	0.00236972	297.4
0.0024416	0.00201834	0.00172006	0.00152401	0.00165942	0.00236602	297.45
0.00243863	0.00201606	0.00172067	0.00152534	0.00166037	0.00236319	297.5
0.00243596	0.00201371	0.0017218	0.00152715	0.00166184	0.00236056	297.55
0.00243332	0.00201132	0.00172323	0.00152902	0.00166355	0.00235795	297.6
0.00243068	0.00200893	0.00172483	0.00153096	0.0016654	0.00235534	297.65
0.00242805	0.00200655	0.00172655	0.00153294	0.00166736	0.00235273	297.7
0.00242543	0.00200417	0.00172835	0.00153496	0.00166938	0.00235014	297.75
0.00242281	0.0020018	0.00173022	0.00153702	0.00167146	0.00234754	297.8
0.0024202	0.00199944	0.00173209	0.00153911	0.00167355	0.00234496	297.85
0.0024176	0.00199707	0.00173388	0.00154122	0.00167559	0.00234239	297.9
0.00241514	0.00199469	0.00173537	0.00154328	0.00167739	0.00233991	297.95
0.00241352	0.00199244	0.00173698	0.00154535	0.00167928	0.00233809	298.0
0.002412	0.00199019	0.00173912	0.00154749	0.00168159	0.00233635	298.05
0.00241049	0.00198793	0.00174156	0.00154965	0.00168411	0.00233461	298.1
0.00240898	0.00198567	0.00174423	0.00155182	0.00168682	0.00233287	298.15
0.00240748	0.00198343	0.00174713	0.00155399	0.0016897	0.00233114	298.2
0.00240598	0.00198119	0.00175025	0.00155616	0.00169273	0.00232941	298.25
0.00240448	0.00197896	0.00175359	0.00155831	0.00169593	0.00232769	298.3
0.00240299	0.00197674	0.00175717	0.00156043	0.00169929	0.00232597	298.35
0.00240148	0.00197455	0.0017611	0.00156244	0.00170288	0.00232424	298.4
0.00239969	0.00197254	0.00176569	0.00156433	0.00170692	0.00232236	298.45
0.00239699	0.00197078	0.0017703	0.00156623	0.00171098	0.00231988	298.5
0.00239398	0.00196928	0.00177445	0.00156834	0.00171476	0.00231723	298.55
0.00239094	0.00196781	0.00177835	0.0015707	0.00171842	0.00231458	298.6
0.00238792	0.00196634	0.00178213	0.00157323	0.00172203	0.00231194	298.65
0.00238491	0.00196489	0.00178581	0.00157589	0.00172562	0.00230931	298.7
0.0023819	0.00196344	0.00178944	0.0015787	0.00172921	0.00230668	298.75
0.0023789	0.00196199	0.00179301	0.00158169	0.00173279	0.00230406	298.8
0.00237591	0.00196056	0.00179652	0.0015849	0.0017364	0.00230144	298.85
0.00237293	0.00195911	0.00179999	0.00158846	0.00174007	0.00229883	298.9
0.00236998	0.00195746	0.00180338	0.00159267	0.00174386	0.00229619	298.95
0.00236717	0.00195445	0.0018068	0.00159686	0.00174766	0.00229328	299.0
0.00236439	0.00195131	0.00181028	0.00160038	0.00175132	0.00229035	299.05
0.00236161	0.00194817	0.0018138	0.0016036	0.00175494	0.00228744	299.1
0.00235884	0.00194505	0.00181736	0.00160663	0.00175852	0.00228453	299.15
0.00235608	0.00194194	0.00182093	0.00160949	0.00176208	0.00228163	299.2
0.00235333	0.00193883	0.00182453	0.00161225	0.00176562	0.00227873	299.25
0.00235059	0.00193574	0.00182818	0.0016149	0.00176917	0.00227585	299.3
0.00234785	0.00193266	0.00183187	0.00161746	0.00177274	0.00227297	299.35
0.00234511	0.00192961	0.00183567	0.00161992	0.00177635	0.0022701	299.4
0.0023423	0.00192662	0.00183959	0.0016224	0.00178005	0.00226719	299.45
0.00233933	0.00192348	0.00184353	0.00162479	0.00178374	0.00226412	299.5
0.00233628	0.00192041	0.00184739	0.00162703	0.00178733	0.00226101	299.55
0.00233324	0.00191736	0.00185118	0.00162919	0.00179085	0.00225792	299.6
0.0023302	0.00191432	0.00185496	0.00163127	0.00179433	0.00225483	299.65
0.00232718	0.00191129	0.00185874	0.00163326	0.0017978	0.00225175	299.7
0.00232416	0.00190826	0.00186254	0.00163515	0.00180125	0.00224867	299.75
0.00232115	0.00190525	0.0018664	0.00163691	0.0018047	0.00224561	299.8
0.00231814	0.00190225	0.00187032	0.0016385	0.00180816	0.00224255	299.85
0.00231514	0.00189926	0.00187437	0.00163983	0.00181163	0.0022395	299.9
0.00231207	0.00189642	0.00187871	0.00164058	0.00181516	0.00223644	299.95
0.00230833	0.00189479	0.001883	0.00164133	0.00181865	0.00223323	300.0
0.00230451	0.00189333	0.00188694	0.00164268	0.00182205	0.00223001	300.05
0.00230069	0.00189189	0.00189068	0.00164432	0.00182539	0.00222679	300.1
0.00229688	0.00189045	0.00189428	0.00164616	0.00182869	0.00222357	300.15
0.00229309	0.00188904	0.00189777	0.0016482	0.00183196	0.00222037	300.2
0.0022893	0.00188763	0.00190115	0.00165039	0.00183518	0.00221718	300.25
0.00228552	0.00188623	0.0019044	0.00165274	0.00183836	0.00221399	300.3
0.00228175	0.00188485	0.00190751	0.00165528	0.00184148	0.00221082	300.35
0.00227801	0.00188344	0.00191036	0.00165813	0.00184449	0.00220765	300.4
0.00227452	0.00188175	0.00191276	0.00166141	0.00184728	0.00220459	300.45
0.00227174	0.00187941	0.0019152	0.0016647	0.0018501	0.00220189	300.5
0.00226921	0.00187677	0.00191807	0.00166762	0.00185314	0.00219929	300.55
0.0022667	0.00187411	0.0019212	0.00167029	0.00185632	0.0021967	300.6
0.00226419	0.00187146	0.0019245	0.00167281	0.00185957	0.00219411	300.65
0.00226169	0.00186882	0.00192792	0.00167523	0.00186288	0.00219153	300.7
0.00225919	0.00186618	0.00193146	0.00167755	0.00186626	0.00218896	300.75
0.0022567	0.00186356	0.00193511	0.00167975	0.00186969	0.00218639	300.8
0.00225421	0.00186094	0.0019389	0.00168186	0.0018732	0.00218383	300.85
0.00225173	0.00185833	0.00194285	0.0016838	0.00187678	0.00218127	300.9
0.00224916	0.00185588	0.00194707	0.00168555	0.00188051	0.00217869	300.95
0.00224621	0.0018538	0.00195136	0.00168728	0.00188429	0.00217593	301.0
0.00224318	0.00185185	0.00195552	0.00168921	0.00188802	0.00217315	301.05
0.00224015	0.00184993	0.00195963	0.00169127	0.00189176	0.00217037	301.1
0.00223712	0.00184802	0.00196374	0.00169341	0.00189552	0.0021676	301.15
0.00223411	0.00184611	0.00196788	0.00169561	0.00189931	0.00216484	301.2
0.0022311	0.0018442	0.00197207	0.00169786	0.00190316	0.00216208	301.25
0.0022281	0.00184231	0.00197634	0.00170016	0.00190709	0.00215933	301.3
0.00222511	0.00184041	0.00198073	0.00170253	0.00191111	0.00215659	301.35
0.00222211	0.00183855	0.00198534	0.00170495	0.00191533	0.00215385	301.4
0.00221892	0.00183669	0.00199035	0.00170761	0.0019199	0.00215098	301.45
0.00221511	0.00183452	0.00199537	0.00171029	0.00192449	0.00214754	301.5
0.00221105	0.00183234	0.00200003	0.00171282	0.00192877	0.00214393	301.55
0.00220699	0.00183019	0.00200447	0.00171533	0.00193288	0.00214032	301.6
0.00220294	0.00182804	0.0020088	0.00171784	0.00193691	0.00213671	301.65
0.00219891	0.0018259	0.00201307	0.00172036	0.0019409	0.00213312	301.7
0.00219488	0.00182377	0.0020173	0.0017229	0.00194487	0.00212954	301.75
0.00219086	0.00182165	0.00202153	0.0017255	0.00194885	0.00212596	301.8
0.00218686	0.00181954	0.00202577	0.00172814	0.00195285	0.0021224	301.85
0.00218285	0.00181744	0.00203008	0.00173085	0.00195693	0.00211883	301.9
0.00217875	0.00181541	0.00203451	0.00173388	0.00196118	0.00211521	301.95
0.00217437	0.00181274	0.00203889	0.00173691	0.00196539	0.00211121	302.0
0.00216993	0.00181007	0.0020431	0.00173963	0.00196939	0.00210717	302.05
0.0021655	0.00180743	0.00204723	0.00174227	0.0019733	0.00210314	302.1
0.00216108	0.0018048	0.0020513	0.00174486	0.00197717	0.00209912	302.15
0.00215667	0.00180219	0.00205536	0.00174741	0.00198102	0.00209512	302.2
0.00215228	0.00179958	0.00205942	0.00174993	0.00198485	0.00209112	302.25
0.00214789	0.00179699	0.00206349	0.00175243	0.0019887	0.00208714	302.3
0.00214352	0.0017944	0.00206762	0.00175491	0.00199258	0.00208316	302.35
0.00213916	0.00179184	0.00207186	0.00175734	0.00199654	0.00207919	302.4
0.00213466	0.00178934	0.00207639	0.00175978	0.00200072	0.00207515	302.45
0.00212965	0.00178685	0.00208089	0.00176222	0.00200489	0.00207071	302.5
0.00212446	0.00178447	0.00208508	0.0017647	0.00200883	0.00206615	302.55
0.00211928	0.0017821	0.00208908	0.00176727	0.00201264	0.00206161	302.6
0.00211412	0.00177975	0.00209298	0.00176991	0.00201639	0.00205708	302.65
0.00210897	0.00177741	0.0020968	0.00177263	0.00202011	0.00205256	302.7
0.00210384	0.00177509	0.00210057	0.00177544	0.00202381	0.00204805	302.75
0.00209872	0.00177279	0.00210432	0.00177839	0.00202752	0.00204356	302.8
0.00209362	0.0017705	0.00210806	0.00178153	0.00203128	0.00203908	302.85
0.00208852	0.00176823	0.00211189	0.00178494	0.00203516	0.0020346	302.9
0.00208332	0.00176584	0.00211589	0.00178923	0.00203939	0.00203001	302.95
0.0020777	0.00176179	0.00211984	0.00179346	0.00204356	0.00202471	303.0
0.00207199	0.00175761	0.00212354	0.00179682	0.00204733	0.0020193	303.05
0.00206628	0.00175345	0.00212706	0.00179983	0.00205088	0.0020139	303.1
0.00206059	0.00174931	0.00213047	0.00180259	0.00205428	0.00200852	303.15
0.00205491	0.00174519	0.0021338	0.00180515	0.00205758	0.00200315	303.2
0.00204925	0.00174107	0.00213708	0.00180756	0.0020608	0.0019978	303.25
0.0020436	0.00173697	0.00214034	0.00180982	0.00206397	0.00199246	303.3
0.00203797	0.00173288	0.0021436	0.00181194	0.00206711	0.00198714	303.35
0.00203234	0.00172881	0.00214694	0.0018139	0.00207027	0.00198182	303.4
0.00202661	0.00172483	0.00215054	0.00181559	0.00207358	0.00197644	303.45
0.00202032	0.0017212	0.00215405	0.00181722	0.0020768	0.00197071	303.5
0.0020139	0.00171769	0.00215716	0.00181899	0.00207975	0.0019649	303.55
0.0020075	0.0017142	0.00216004	0.00182082	0.00208253	0.00195911	303.6
0.00200111	0.00171072	0.00216275	0.00182269	0.00208519	0.00195332	303.65
0.00199475	0.00170726	0.00216534	0.00182459	0.00208776	0.00194756	303.7
0.0019884	0.00170382	0.00216781	0.00182653	0.00209025	0.00194181	303.75
0.00198206	0.0017004	0.00217017	0.00182855	0.00209267	0.00193608	303.8
0.00197575	0.001697	0.00217244	0.00183066	0.00209503	0.00193036	303.85
0.00196944	0.00169362	0.00217463	0.00183292	0.00209737	0.00192465	303.9
0.00196312	0.00169018	0.00217668	0.0018358	0.00209972	0.00191891	303.95
0.00195692	0.00168552	0.00217863	0.00183857	0.00210198	0.001913	304.0
0.0019507	0.0016808	0.00218057	0.00184064	0.00210407	0.00190707	304.05
0.0019445	0.00167612	0.00218243	0.00184244	0.00210604	0.00190115	304.1
0.00193831	0.00167145	0.00218422	0.00184403	0.00210791	0.00189525	304.15
0.00193215	0.0016668	0.00218596	0.00184544	0.0021097	0.00188937	304.2
0.001926	0.00166215	0.00218765	0.00184667	0.0021114	0.00188351	304.25
0.00191986	0.00165753	0.00218928	0.00184774	0.00211304	0.00187765	304.3
0.00191375	0.00165292	0.00219086	0.00184861	0.00211458	0.00187182	304.35
0.00190763	0.00164834	0.00219241	0.00184919	0.00211604	0.001866	304.4
0.0019015	0.00164397	0.00219394	0.00184946	0.00211743	0.0018602	304.45
0.00189529	0.00164002	0.00219542	0.00184965	0.00211875	0.00185444	304.5
0.00188904	0.00163634	0.00219678	0.00185001	0.00212002	0.0018487	304.55
0.00188281	0.00163269	0.00219804	0.00185049	0.00212124	0.00184297	304.6
0.00187659	0.00162904	0.00219922	0.00185101	0.0021224	0.00183725	304.65
0.00187039	0.00162542	0.00220031	0.00185155	0.00212349	0.00183155	304.7
0.0018642	0.00162182	0.00220132	0.00185207	0.00212451	0.00182587	304.75
0.00185803	0.00161824	0.00220224	0.00185257	0.00212547	0.00182019	304.8
0.00185187	0.00161467	0.00220309	0.00185305	0.00212636	0.00181453	304.85
0.00184573	0.00161112	0.00220385	0.00185348	0.00212717	0.00180889	304.9
0.00183963	0.00160761	0.00220452	0.00185373	0.00212787	0.00180329	304.95
0.0018336	0.00160447	0.00220513	0.00185402	0.00212853	0.00179781	305.0
0.00182762	0.00160135	0.00220571	0.00185452	0.0021292	0.00179237	305.05
0.00182165	0.00159822	0.00220625	0.00185508	0.00212986	0.00178694	305.1
0.0018157	0.00159511	0.00220673	0.00185569	0.00213048	0.00178153	305.15
0.00180977	0.00159202	0.00220716	0.00185635	0.00213107	0.00177613	305.2
0.00180385	0.00158895	0.00220754	0.00185707	0.00213163	0.00177074	305.25
0.00179794	0.0015859	0.00220787	0.00185788	0.00213216	0.00176536	305.3
0.00179205	0.00158287	0.00220813	0.00185882	0.00213266	0.00176	305.35
0.00178617	0.00157984	0.00220833	0.00185997	0.00213315	0.00175465	305.4
0.00178033	0.00157664	0.00220845	0.00186154	0.00213365	0.00174929	305.45
0.00177454	0.00157268	0.00220851	0.00186307	0.0021341	0.00174382	305.5
0.00176878	0.00156854	0.00220853	0.00186414	0.00213442	0.00173835	305.55
0.00176304	0.00156439	0.00220851	0.00186499	0.00213466	0.00173289	305.6
0.0017573	0.00156026	0.00220843	0.00186567	0.00213483	0.00172744	305.65
0.00175159	0.00155614	0.00220829	0.00186622	0.00213493	0.00172201	305.7
0.00174589	0.00155202	0.0022081	0.00186667	0.00213496	0.00171659	305.75
0.0017402	0.00154793	0.00220783	0.00186704	0.0021349	0.00171118	305.8
0.00173452	0.00154384	0.00220747	0.00186733	0.00213476	0.00170578	305.85
0.00172886	0.00153976	0.00220698	0.00186759	0.00213451	0.0017004	305.9
0.00172331	0.00153559	0.00220625	0.00186777	0.00213405	0.00169509	305.95
0.0017181	0.00153137	0.0022055	0.00186785	0.00213355	0.00169005	306.0
0.00171297	0.00152709	0.00220491	0.00186778	0.00213315	0.00168507	306.05
0.00170787	0.00152281	0.00220438	0.00186755	0.00213277	0.0016801	306.1
0.00170277	0.00151853	0.00220388	0.00186717	0.00213239	0.00167514	306.15
0.00169768	0.00151426	0.00220339	0.00186663	0.00213199	0.00167019	306.2
0.00169261	0.00151	0.00220291	0.00186593	0.00213157	0.00166526	306.25
0.00168755	0.00150576	0.00220243	0.00186504	0.00213111	0.00166033	306.3
0.00168249	0.00150152	0.00220195	0.00186388	0.0021306	0.00165542	306.35
0.00167744	0.0014973	0.0022015	0.00186235	0.00213006	0.00165051	306.4
0.00167236	0.00149334	0.00220115	0.00186011	0.00212946	0.00164562	306.45
0.00166704	0.00149064	0.00220075	0.00185785	0.00212882	0.00164076	306.5
0.00166167	0.00148821	0.00220017	0.00185618	0.00212815	0.00163591	306.55
0.00165631	0.00148581	0.00219947	0.0018548	0.00212743	0.00163107	306.6
0.00165097	0.00148342	0.00219867	0.00185356	0.00212666	0.00162624	306.65
0.00164563	0.00148106	0.00219777	0.00185243	0.00212582	0.00162142	306.7
0.00164031	0.00147872	0.00219676	0.00185137	0.0021249	0.00161662	306.75
0.001635	0.00147641	0.00219563	0.00185034	0.0021239	0.00161181	306.8
0.0016297	0.00147411	0.00219437	0.00184934	0.00212279	0.00160703	306.85
0.00162442	0.00147183	0.00219291	0.00184832	0.00212151	0.00160225	306.9
0.00161932	0.00146962	0.00219111	0.00184701	0.00211989	0.00159763	306.95
0.00161474	0.00146805	0.0021893	0.00184582	0.00211829	0.00159356	307.0
0.00161028	0.00146654	0.00218774	0.00184507	0.00211697	0.00158959	307.05
0.00160585	0.00146502	0.00218628	0.00184451	0.00211576	0.00158563	307.1
0.00160142	0.00146353	0.00218485	0.00184411	0.0021146	0.00158168	307.15
0.001597	0.00146205	0.00218343	0.00184388	0.00211349	0.00157774	307.2
0.00159259	0.00146059	0.00218202	0.00184381	0.00211239	0.00157381	307.25
0.00158818	0.00145916	0.00218059	0.00184396	0.00211132	0.00156988	307.3
0.00158379	0.00145774	0.00217912	0.00184439	0.00211026	0.00156597	307.35
0.00157941	0.00145632	0.0021776	0.00184526	0.00210921	0.00156205	307.4
0.00157509	0.00145461	0.00217596	0.0018469	0.00210819	0.00155814	307.45
0.00157097	0.00145143	0.00217431	0.00184856	0.00210715	0.00155417	307.5
0.00156691	0.00144789	0.00217272	0.00184948	0.00210606	0.00155019	307.55
0.00156286	0.00144432	0.00217118	0.00184995	0.00210493	0.00154622	307.6
0.00155882	0.00144076	0.00216964	0.00185015	0.00210375	0.00154225	307.65
0.00155478	0.00143721	0.00216809	0.00185014	0.00210253	0.0015383	307.7
0.00155076	0.00143366	0.00216652	0.00184992	0.00210127	0.00153435	307.75
0.00154674	0.00143012	0.00216492	0.00184954	0.00209995	0.00153041	307.8
0.00154273	0.00142659	0.00216325	0.00184899	0.00209854	0.00152647	307.85
0.00153873	0.00142306	0.00216147	0.00184822	0.002097	0.00152254	307.9
0.00153485	0.00141963	0.00215943	0.00184703	0.00209519	0.00151874	307.95
0.0015314	0.00141674	0.0021574	0.00184575	0.00209336	0.00151538	308.0
0.00152809	0.00141398	0.00215563	0.00184471	0.00209179	0.00151215	308.05
0.00152478	0.00141122	0.002154	0.00184372	0.00209034	0.00150893	308.1
0.00152148	0.00140846	0.00215245	0.00184273	0.00208897	0.00150572	308.15
0.00151819	0.00140571	0.00215097	0.00184171	0.00208765	0.00150251	308.2
0.0015149	0.00140296	0.00214955	0.00184063	0.00208636	0.00149931	308.25
0.00151162	0.00140022	0.00214818	0.00183948	0.00208511	0.00149611	308.3
0.00150835	0.00139749	0.00214688	0.00183821	0.0020839	0.00149292	308.35
0.00150507	0.00139476	0.00214568	0.00183674	0.00208274	0.00148974	308.4
0.00150177	0.0013921	0.0021447	0.00183474	0.00208169	0.00148653	308.45
0.00149797	0.0013906	0.0021437	0.00183277	0.00208063	0.00148309	308.5
0.00149414	0.00138921	0.00214245	0.00183137	0.00207944	0.00147963	308.55
0.00149032	0.00138784	0.00214107	0.00183024	0.00207818	0.00147619	308.6
0.0014865	0.00138647	0.00213958	0.00182931	0.00207686	0.00147274	308.65
0.0014827	0.00138513	0.002138	0.00182857	0.00207549	0.00146931	308.7
0.0014789	0.00138379	0.0021363	0.00182801	0.00207405	0.00146588	308.75
0.0014751	0.00138248	0.0021345	0.00182764	0.00207255	0.00146245	308.8
0.00147132	0.00138118	0.00213256	0.00182753	0.00207096	0.00145904	308.85
0.00146755	0.00137986	0.00213038	0.00182785	0.00206924	0.00145563	308.9
0.00146403	0.00137806	0.00212778	0.00182891	0.00206725	0.00145236	308.95
0.00146123	0.00137505	0.00212521	0.00182985	0.00206527	0.00144953	309.0
0.0014586	0.0013717	0.00212306	0.00183004	0.00206355	0.0014468	309.05
0.00145598	0.00136834	0.00212111	0.0018298	0.00206193	0.00144407	309.1
0.00145336	0.00136498	0.00211927	0.00182927	0.00206036	0.00144135	309.15
0.00145074	0.00136163	0.00211752	0.00182852	0.00205884	0.00143863	309.2
0.00144814	0.00135829	0.00211584	0.00182754	0.00205734	0.00143592	309.25
0.00144553	0.00135496	0.00211424	0.00182633	0.00205588	0.00143321	309.3
0.00144293	0.00135164	0.00211272	0.00182484	0.00205444	0.00143051	309.35
0.00144033	0.00134833	0.00211128	0.001823	0.00205301	0.00142781	309.4
0.00143772	0.00134509	0.00211	0.00182039	0.00205161	0.00142511	309.45
0.0014348	0.00134344	0.00210872	0.00181771	0.00205021	0.00142238	309.5
0.00143186	0.0013419	0.00210731	0.0018157	0.00204878	0.00141965	309.55
0.00142893	0.00134036	0.00210583	0.00181398	0.00204735	0.00141693	309.6
0.001426	0.00133884	0.00210431	0.00181243	0.0020459	0.0014142	309.65
0.00142308	0.00133732	0.00210277	0.00181102	0.00204445	0.00141149	309.7
0.00142016	0.0013358	0.00210118	0.00180972	0.00204299	0.00140878	309.75
0.00141724	0.00133429	0.00209955	0.00180851	0.0020415	0.00140607	309.8
0.00141433	0.00133279	0.00209788	0.00180744	0.00203998	0.00140336	309.85
0.00141143	0.00133127	0.0020961	0.00180656	0.00203841	0.00140066	309.9
0.00140863	0.00132949	0.00209417	0.00180592	0.00203674	0.00139801	309.95
0.00140606	0.00132731	0.00209225	0.00180523	0.00203507	0.00139551	310.0
0.00140357	0.00132492	0.00209046	0.00180427	0.00203348	0.00139303	310.05
0.00140109	0.00132252	0.00208875	0.00180307	0.00203192	0.00139057	310.1
0.00139862	0.00132011	0.00208708	0.00180171	0.00203036	0.0013881	310.15
0.00139614	0.00131771	0.00208543	0.00180022	0.00202881	0.00138565	310.2
0.00139368	0.00131532	0.00208379	0.00179857	0.00202725	0.00138319	310.25
0.00139121	0.00131293	0.00208215	0.00179674	0.00202566	0.00138074	310.3
0.00138875	0.00131054	0.00208052	0.0017947	0.00202404	0.00137829	310.35
0.00138629	0.00130818	0.00207888	0.00179233	0.00202237	0.00137585	310.4
0.00138383	0.00130596	0.0020772	0.0017894	0.00202059	0.00137342	310.45
0.00138149	0.00130496	0.00207552	0.00178643	0.00201881	0.00137128	310.5
0.00137916	0.00130408	0.00207391	0.00178397	0.00201715	0.00136916	310.55
0.00137683	0.00130321	0.00207232	0.00178174	0.00201555	0.00136704	310.6
0.0013745	0.00130236	0.00207074	0.00177962	0.00201397	0.00136493	310.65
0.00137218	0.00130151	0.00206917	0.00177758	0.00201241	0.00136282	310.7
0.00136987	0.00130066	0.00206761	0.00177556	0.00201087	0.00136071	310.75
0.00136755	0.00129982	0.00206605	0.00177353	0.00200933	0.0013586	310.8
0.00136524	0.00129899	0.00206451	0.00177144	0.00200779	0.0013565	310.85
0.00136294	0.00129818	0.00206298	0.00176918	0.00200624	0.0013544	310.9
0.00136062	0.00129762	0.00206147	0.0017665	0.00200465	0.00135233	310.95
0.00135827	0.0012979	0.00205995	0.0017639	0.00200306	0.00135034	311.0
0.00135591	0.00129844	0.0020584	0.00176189	0.00200154	0.00134838	311.05
0.00135356	0.00129901	0.00205682	0.00176022	0.00200003	0.00134643	311.1
0.00135121	0.0012996	0.00205523	0.00175878	0.00199854	0.00134447	311.15
0.00134887	0.00130021	0.00205361	0.00175755	0.00199706	0.00134252	311.2
0.00134653	0.00130084	0.00205198	0.00175655	0.00199559	0.00134057	311.25
0.00134419	0.0013015	0.00205032	0.00175579	0.00199414	0.00133862	311.3
0.00134185	0.00130218	0.00204862	0.00175532	0.00199268	0.00133668	311.35
0.00133953	0.00130284	0.00204686	0.0017553	0.00199123	0.00133474	311.4
0.00133726	0.00130318	0.00204502	0.00175584	0.00198977	0.0013328	311.45
0.00133514	0.00130247	0.00204315	0.00175646	0.0019883	0.00133087	311.5
0.00133307	0.00130141	0.00204135	0.00175662	0.00198683	0.00132893	311.55
0.00133102	0.00130029	0.00203959	0.0017564	0.00198535	0.001327	311.6
0.00132897	0.00129918	0.00203785	0.00175598	0.00198385	0.00132507	311.65
0.00132692	0.00129808	0.00203613	0.00175539	0.00198235	0.00132314	311.7
0.00132488	0.00129697	0.00203439	0.00175466	0.00198082	0.00132122	311.75
0.00132284	0.00129587	0.00203265	0.00175379	0.00197926	0.0013193	311.8
0.0013208	0.00129478	0.00203088	0.00175274	0.00197766	0.00131738	311.85
0.00131876	0.00129371	0.00202906	0.00175139	0.00197597	0.00131547	311.9
0.00131677	0.00129296	0.0020271	0.00174956	0.00197411	0.00131363	311.95
0.00131501	0.00129301	0.00202515	0.00174774	0.00197226	0.0013121	312.0
0.0013133	0.00129343	0.00202334	0.00174642	0.00197059	0.00131065	312.05
0.00131159	0.00129389	0.00202159	0.00174545	0.00196902	0.0013092	312.1
0.00130988	0.00129435	0.00201988	0.0017447	0.0019675	0.00130776	312.15
0.00130818	0.00129482	0.0020182	0.00174414	0.00196603	0.00130631	312.2
0.00130647	0.00129531	0.00201653	0.00174376	0.00196459	0.00130487	312.25
0.00130477	0.00129581	0.00201486	0.00174359	0.00196318	0.00130343	312.3
0.00130308	0.00129633	0.00201321	0.00174365	0.00196181	0.001302	312.35
0.00130138	0.00129683	0.00201156	0.00174406	0.00196048	0.00130056	312.4
0.00129972	0.00129704	0.00200994	0.0017449	0.00195922	0.00129912	312.45
0.00129799	0.00129654	0.00200833	0.0017458	0.00195798	0.00129754	312.5
0.00129629	0.0012958	0.00200669	0.0017464	0.00195667	0.00129594	312.55
0.00129459	0.00129501	0.00200504	0.00174679	0.00195534	0.00129436	312.6
0.00129289	0.00129422	0.00200339	0.00174707	0.00195398	0.00129277	312.65
0.0012912	0.00129344	0.0020017	0.00174732	0.00195259	0.00129118	312.7
0.00128951	0.00129266	0.002	0.00174755	0.00195118	0.0012896	312.75
0.00128782	0.00129189	0.00199826	0.0017478	0.00194974	0.00128802	312.8
0.00128614	0.00129111	0.00199647	0.00174811	0.00194826	0.00128644	312.85
0.00128446	0.00129033	0.00199458	0.00174859	0.00194671	0.00128487	312.9
0.00128289	0.00128934	0.00199244	0.00174947	0.00194499	0.00128337	312.95
0.00128179	0.00128753	0.00199033	0.00175026	0.00194327	0.00128219	313.0
0.00128081	0.0012855	0.00198851	0.00175047	0.00194176	0.00128109	313.05
0.00127982	0.00128348	0.00198685	0.00175035	0.00194035	0.00127999	313.1
0.00127884	0.00128145	0.00198529	0.00174999	0.00193899	0.00127889	313.15
0.00127786	0.00127943	0.00198383	0.00174939	0.0019377	0.0012778	313.2
0.00127688	0.00127742	0.00198248	0.00174855	0.00193647	0.0012767	313.25
0.0012759	0.00127541	0.00198123	0.00174741	0.00193531	0.00127561	313.3
0.00127493	0.00127341	0.00198011	0.00174592	0.00193421	0.00127452	313.35
0.00127395	0.00127142	0.00197919	0.00174386	0.00193322	0.00127342	313.4
0.00127284	0.00126985	0.00197863	0.00174068	0.00193243	0.00127227	313.45
0.00127095	0.00127062	0.00197804	0.00173759	0.00193163	0.00127069	313.5
0.00126901	0.00127162	0.00197705	0.0017357	0.0019306	0.00126908	313.55
0.00126706	0.00127263	0.00197588	0.00173436	0.00192949	0.00126747	313.6
0.00126512	0.00127366	0.00197459	0.00173341	0.0019283	0.00126587	313.65
0.00126319	0.00127471	0.00197318	0.00173279	0.00192706	0.00126427	313.7
0.00126125	0.00127578	0.00197168	0.00173247	0.00192575	0.00126267	313.75
0.00125932	0.00127687	0.00197007	0.00173244	0.00192439	0.00126107	313.8
0.00125739	0.00127798	0.00196833	0.00173279	0.00192295	0.00125947	313.85
0.00125547	0.0012791	0.00196639	0.00173365	0.00192139	0.00125788	313.9
0.00125369	0.00127988	0.00196409	0.00173548	0.0019196	0.00125638	313.95
0.00125252	0.00127914	0.00196174	0.0017374	0.00191778	0.00125525	314.0
0.00125151	0.00127808	0.00195975	0.00173849	0.00191618	0.00125424	314.05
0.0012505	0.00127701	0.0019579	0.00173928	0.00191469	0.00125323	314.1
0.0012495	0.00127595	0.00195614	0.0017399	0.00191325	0.00125223	314.15
0.0012485	0.00127489	0.00195444	0.0017404	0.00191185	0.00125122	314.2
0.0012475	0.00127383	0.00195278	0.00174083	0.00191048	0.00125022	314.25
0.0012465	0.00127277	0.00195114	0.00174119	0.00190912	0.00124921	314.3
0.00124551	0.00127171	0.00194952	0.00174154	0.00190777	0.00124821	314.35
0.00124451	0.00127065	0.00194789	0.00174193	0.00190642	0.00124721	314.4
0.00124356	0.00126943	0.00194621	0.00174233	0.00190503	0.00124623	314.45
0.00124277	0.0012681	0.00194457	0.00174267	0.00190366	0.00124539	314.5
0.00124201	0.00126666	0.00194305	0.00174289	0.00190239	0.00124456	314.55
0.00124126	0.0012652	0.0019416	0.00174296	0.00190116	0.00124373	314.6
0.00124051	0.00126374	0.00194021	0.00174292	0.00189998	0.00124291	314.65
0.00123976	0.00126228	0.00193887	0.0017428	0.00189883	0.00124208	314.7
0.00123901	0.00126083	0.00193759	0.0017426	0.00189772	0.00124126	314.75
0.00123826	0.00125938	0.00193635	0.00174233	0.00189665	0.00124044	314.8
0.00123751	0.00125793	0.00193519	0.00174197	0.00189563	0.00123962	314.85
0.00123676	0.00125649	0.00193413	0.00174152	0.00189469	0.00123879	314.9
0.00123595	0.0012551	0.00193324	0.00174098	0.0018939	0.00123792	314.95
0.00123484	0.00125376	0.00193236	0.00174038	0.0018931	0.00123679	315.0
0.00123366	0.00125245	0.00193131	0.00173973	0.00189216	0.0012356	315.05
0.00123248	0.00125114	0.00193019	0.00173903	0.00189114	0.00123441	315.1
0.0012313	0.00124984	0.00192902	0.00173825	0.00189007	0.00123322	315.15
0.00123013	0.00124853	0.00192782	0.00173738	0.00188896	0.00123203	315.2
0.00122895	0.00124723	0.00192659	0.00173637	0.00188781	0.00123085	315.25
0.00122778	0.00124593	0.00192533	0.00173519	0.00188661	0.00122966	315.3
0.00122661	0.00124463	0.00192403	0.00173377	0.00188536	0.00122848	315.35
0.00122544	0.00124333	0.0019227	0.00173192	0.00188402	0.0012273	315.4
0.00122428	0.00124247	0.00192127	0.00172914	0.0018825	0.00122618	315.45
0.00122327	0.00124345	0.00191982	0.00172643	0.00188098	0.00122538	315.5
0.00122227	0.00124479	0.00191843	0.00172481	0.00187962	0.00122464	315.55
0.00122128	0.00124617	0.00191706	0.00172377	0.00187834	0.0012239	315.6
0.00122029	0.00124756	0.00191569	0.00172316	0.00187711	0.00122316	315.65
0.0012193	0.00124895	0.00191432	0.0017229	0.00187591	0.00122242	315.7
0.00121831	0.00125037	0.00191293	0.00172298	0.00187474	0.00122169	315.75
0.00121732	0.0012518	0.00191152	0.00172342	0.00187358	0.00122095	315.8
0.00121633	0.00125324	0.00191006	0.00172433	0.00187242	0.00122021	315.85
0.00121536	0.00125465	0.00190852	0.0017259	0.00187126	0.00121948	315.9
0.00121446	0.00125557	0.00190681	0.00172865	0.00187007	0.00121877	315.95
0.00121389	0.00125452	0.00190512	0.00173146	0.0018689	0.00121816	316.0
0.00121341	0.00125296	0.00190365	0.00173319	0.00186781	0.00121757	316.05
0.00121293	0.00125139	0.00190228	0.00173443	0.00186677	0.00121698	316.1
0.00121245	0.00124983	0.00190099	0.00173538	0.00186576	0.00121639	316.15
0.00121197	0.00124827	0.00189976	0.0017361	0.00186479	0.0012158	316.2
0.0012115	0.00124672	0.00189859	0.00173663	0.00186385	0.00121521	316.25
0.00121102	0.00124517	0.00189749	0.001737	0.00186295	0.00121462	316.3
0.00121054	0.00124363	0.00189645	0.00173721	0.0018621	0.00121404	316.35
0.00121006	0.00124208	0.00189551	0.00173726	0.00186132	0.00121345	316.4
0.00120952	0.00124062	0.00189479	0.00173693	0.00186068	0.00121281	316.45
0.00120862	0.00123977	0.00189408	0.00173658	0.00186006	0.00121192	316.5
0.00120765	0.00123897	0.00189317	0.00173656	0.0018593	0.00121097	316.55
0.00120667	0.00123815	0.00189217	0.00173663	0.00185845	0.00121001	316.6
0.00120569	0.00123734	0.00189109	0.00173677	0.00185756	0.00120905	316.65
0.00120472	0.00123653	0.00188997	0.00173699	0.00185662	0.0012081	316.7
0.00120375	0.00123573	0.00188879	0.00173729	0.00185565	0.00120714	316.75
0.00120278	0.00123492	0.00188756	0.00173769	0.00185464	0.00120619	316.8
0.00120181	0.00123411	0.00188626	0.00173826	0.00185358	0.00120524	316.85
0.00120084	0.00123327	0.00188485	0.00173913	0.00185246	0.00120429	316.9
0.00119996	0.00123212	0.00188322	0.00174056	0.0018512	0.00120338	316.95
0.00119948	0.00122978	0.0018816	0.00174189	0.00184994	0.00120271	317.0
0.00119908	0.00122714	0.00188019	0.00174245	0.00184879	0.00120208	317.05
0.00119868	0.00122451	0.00187888	0.00174257	0.00184768	0.00120144	317.1
0.00119828	0.00122189	0.00187764	0.00174236	0.0018466	0.00120081	317.15
0.00119788	0.00121929	0.00187644	0.00174187	0.00184553	0.00120017	317.2
0.00119748	0.00121671	0.0018753	0.00174108	0.00184447	0.00119954	317.25
0.00119708	0.00121414	0.00187418	0.00173998	0.0018434	0.00119891	317.3
0.00119669	0.00121159	0.0018731	0.0017385	0.00184232	0.00119828	317.35
0.00119629	0.00120906	0.00187205	0.00173643	0.00184121	0.00119765	317.4
0.00119587	0.00120711	0.00187101	0.00173326	0.00183998	0.00119707	317.45
0.00119546	0.00120707	0.00187	0.00173011	0.00183878	0.0011967	317.5
0.00119505	0.00120745	0.001869	0.00172809	0.00183771	0.00119637	317.55
0.00119464	0.00120784	0.00186803	0.00172659	0.00183672	0.00119605	317.6
0.00119422	0.00120823	0.00186707	0.00172543	0.00183579	0.00119572	317.65
0.00119381	0.00120863	0.00186614	0.00172453	0.0018349	0.0011954	317.7
0.0011934	0.00120903	0.00186522	0.00172386	0.00183406	0.00119507	317.75
0.00119298	0.00120942	0.00186433	0.00172341	0.00183325	0.00119475	317.8
0.00119257	0.00120982	0.00186346	0.00172322	0.00183249	0.00119443	317.85
0.00119216	0.00121021	0.00186262	0.00172336	0.00183181	0.0011941	317.9
0.00119173	0.00121039	0.00186187	0.00172411	0.00183125	0.00119374	317.95
0.00119116	0.00120952	0.00186112	0.00172489	0.00183072	0.00119313	318.0
0.00119055	0.00120844	0.00186031	0.00172516	0.00183006	0.00119248	318.05
0.00118995	0.00120737	0.00185946	0.00172517	0.00182934	0.00119183	318.1
0.00118935	0.0012063	0.00185858	0.00172503	0.00182858	0.00119118	318.15
0.00118875	0.00120522	0.00185767	0.00172475	0.00182779	0.00119052	318.2
0.00118815	0.00120415	0.00185674	0.00172434	0.00182695	0.00118987	318.25
0.00118755	0.00120308	0.00185578	0.00172381	0.00182607	0.00118922	318.3
0.00118695	0.00120201	0.00185478	0.00172312	0.00182515	0.00118857	318.35
0.00118635	0.00120094	0.00185371	0.00172219	0.00182413	0.00118793	318.4
0.00118584	0.00120009	0.00185251	0.00172064	0.00182294	0.00118738	318.45
0.00118558	0.00120039	0.00185133	0.00171913	0.00182176	0.00118718	318.5
0.00118537	0.00120088	0.00185032	0.00171836	0.00182081	0.00118705	318.55
0.00118517	0.00120135	0.00184938	0.0017179	0.00181996	0.00118692	318.6
0.00118496	0.00120183	0.00184849	0.00171769	0.00181919	0.00118679	318.65
0.00118476	0.00120231	0.00184765	0.0017177	0.00181848	0.00118666	318.7
0.00118455	0.00120279	0.00184685	0.00171794	0.00181783	0.00118652	318.75
0.00118435	0.00120327	0.0018461	0.00171846	0.00181726	0.00118639	318.8
0.00118414	0.00120375	0.00184539	0.00171933	0.00181676	0.00118626	318.85
0.00118394	0.00120418	0.00184474	0.00172077	0.00181637	0.00118613	318.9
0.00118372	0.00120417	0.00184418	0.00172323	0.00181617	0.00118593	318.95
0.00118335	0.00120204	0.00184363	0.00172558	0.00181597	0.00118538	319.0
0.00118299	0.0011996	0.00184303	0.00172679	0.0018156	0.00118478	319.05
0.00118262	0.00119715	0.00184242	0.00172742	0.00181517	0.00118419	319.1
0.00118225	0.00119473	0.00184182	0.00172765	0.0018147	0.0011836	319.15
0.00118189	0.00119232	0.00184124	0.00172754	0.00181421	0.00118301	319.2
0.00118152	0.00118993	0.00184069	0.0017271	0.00181371	0.00118242	319.25
0.00118116	0.00118755	0.00184017	0.00172634	0.0018132	0.00118183	319.3
0.00118079	0.00118519	0.00183971	0.00172516	0.00181269	0.00118125	319.35
0.00118041	0.00118297	0.00183938	0.00172319	0.00181221	0.00118066	319.4
0.00117975	0.00118202	0.0018392	0.00172104	0.00181185	0.00117996	319.45
0.00117867	0.00118122	0.00183876	0.00171897	0.00181126	0.00117891	319.5
0.00117772	0.00118146	0.00183786	0.00171713	0.00181028	0.0011781	319.55
0.00117705	0.00118168	0.00183686	0.00171614	0.00180933	0.00117754	319.6
0.00117655	0.00118176	0.0018359	0.00171542	0.00180843	0.0011771	319.65
0.00117612	0.00118177	0.001835	0.00171486	0.00180759	0.00117673	319.7
0.00117576	0.00118174	0.00183414	0.00171443	0.00180682	0.0011764	319.75
0.00117543	0.00118167	0.00183334	0.00171412	0.0018061	0.0011761	319.8
0.00117514	0.00118157	0.00183258	0.00171394	0.00180544	0.00117583	319.85
0.00117486	0.00118148	0.00183188	0.00171393	0.00180485	0.00117557	319.9
0.00117457	0.00118138	0.00183123	0.00171441	0.00180436	0.0011753	319.95
0.00117425	0.00118026	0.00183062	0.00171491	0.00180391	0.0011749	320.0
0.00117391	0.00117911	0.00183002	0.00171493	0.00180341	0.00117446	320.05
0.00117356	0.00117796	0.00182942	0.00171476	0.0018029	0.00117402	320.1
0.00117321	0.00117682	0.00182883	0.00171445	0.00180237	0.00117359	320.15
0.00117287	0.00117568	0.00182825	0.00171402	0.00180183	0.00117315	320.2
0.00117252	0.00117454	0.00182768	0.00171349	0.0018013	0.00117272	320.25
0.00117218	0.00117341	0.00182712	0.00171284	0.00180077	0.00117228	320.3
0.00117183	0.00117227	0.00182659	0.00171206	0.00180023	0.00117185	320.35
0.00117148	0.00117115	0.00182608	0.00171108	0.0017997	0.00117142	320.4
0.00117112	0.00117021	0.00182562	0.00170973	0.00179917	0.00117099	320.45
0.00117068	0.00116988	0.00182516	0.00170837	0.00179864	0.00117056	320.5
0.00117023	0.00116967	0.00182466	0.00170737	0.00179812	0.00117014	320.55
0.00116979	0.00116946	0.00182415	0.0017065	0.00179759	0.00116972	320.6
0.00116934	0.00116925	0.00182363	0.0017057	0.00179707	0.0011693	320.65
0.00116889	0.00116904	0.0018231	0.00170495	0.00179655	0.00116888	320.7
0.00116844	0.00116883	0.00182257	0.00170422	0.00179603	0.00116846	320.75
0.00116799	0.00116862	0.00182204	0.0017035	0.0017955	0.00116804	320.8
0.00116755	0.00116841	0.00182151	0.00170276	0.00179498	0.00116762	320.85
0.0011671	0.00116821	0.00182097	0.00170194	0.00179444	0.0011672	320.9
0.00116666	0.00116811	0.00182041	0.00170091	0.00179385	0.0011668	320.95
0.00116626	0.00116856	0.00181985	0.00169995	0.00179328	0.0011665	321.0
0.00116586	0.00116911	0.00181931	0.00169932	0.00179276	0.0011662	321.05
0.00116546	0.00116966	0.00181878	0.00169891	0.00179228	0.00116591	321.1
0.00116506	0.00117021	0.00181826	0.00169866	0.00179181	0.00116562	321.15
0.00116466	0.00117076	0.00181775	0.00169859	0.00179138	0.00116533	321.2
0.00116426	0.00117131	0.00181724	0.00169866	0.00179097	0.00116503	321.25
0.00116386	0.00117186	0.00181674	0.00169892	0.00179058	0.00116474	321.3
0.00116346	0.0011724	0.00181624	0.00169938	0.00179021	0.00116445	321.35
0.00116306	0.00117293	0.00181573	0.0017002	0.00178988	0.00116415	321.4
0.00116268	0.00117308	0.00181522	0.00170161	0.00178962	0.00116383	321.45
0.0011623	0.00117226	0.00181472	0.00170302	0.00178936	0.0011634	321.5
0.00116193	0.00117115	0.00181423	0.00170381	0.00178904	0.00116295	321.55
0.00116156	0.00117002	0.00181376	0.00170428	0.00178871	0.0011625	321.6
0.0011612	0.00116889	0.0018133	0.00170456	0.00178835	0.00116205	321.65
0.00116083	0.00116777	0.00181285	0.00170469	0.00178799	0.0011616	321.7
0.00116046	0.00116666	0.0018124	0.00170468	0.00178763	0.00116115	321.75
0.0011601	0.00116555	0.00181196	0.00170452	0.00178725	0.0011607	321.8
0.00115973	0.00116445	0.00181153	0.0017042	0.00178686	0.00116025	321.85
0.00115936	0.00116336	0.00181111	0.00170367	0.00178645	0.0011598	321.9
0.00115899	0.00116238	0.00181071	0.00170273	0.00178601	0.00115936	321.95
0.0011586	0.00116223	0.00181031	0.00170178	0.00178558	0.001159	322.0
0.00115821	0.00116218	0.00180991	0.00170122	0.00178519	0.00115865	322.05
0.00115782	0.00116213	0.00180951	0.00170086	0.00178482	0.0011583	322.1
0.00115743	0.00116208	0.00180911	0.00170062	0.00178447	0.00115795	322.15
0.00115704	0.00116203	0.00180871	0.00170049	0.00178412	0.00115759	322.2
0.00115664	0.00116197	0.00180831	0.00170044	0.00178379	0.00115724	322.25
0.00115625	0.00116191	0.00180791	0.00170048	0.00178347	0.00115688	322.3
0.00115585	0.00116184	0.00180752	0.00170062	0.00178316	0.00115652	322.35
0.00115546	0.00116176	0.00180712	0.00170089	0.00178287	0.00115616	322.4
0.00115508	0.00116156	0.00180671	0.00170139	0.00178259	0.0011558	322.45
0.00115473	0.00116102	0.00180631	0.00170191	0.00178231	0.00115543	322.5
0.00115439	0.00116037	0.00180594	0.00170223	0.00178205	0.00115506	322.55
0.00115405	0.00115972	0.00180559	0.00170247	0.00178179	0.00115468	322.6
0.00115371	0.00115907	0.00180525	0.00170266	0.00178153	0.00115431	322.65
0.00115336	0.00115842	0.00180493	0.00170283	0.00178129	0.00115393	322.7
0.00115302	0.00115777	0.00180462	0.00170298	0.00178106	0.00115355	322.75
0.00115267	0.00115713	0.00180433	0.00170313	0.00178085	0.00115317	322.8
0.00115232	0.00115648	0.00180407	0.0017033	0.00178066	0.00115278	322.85
0.00115196	0.00115584	0.00180383	0.00170348	0.00178049	0.0011524	322.9
0.00115159	0.00115522	0.00180363	0.00170382	0.00178038	0.001152	322.95
0.00115113	0.00115422	0.00180344	0.00170413	0.00178027	0.00115147	323.0
0.00115065	0.00115324	0.00180321	0.00170424	0.0017801	0.00115094	323.05
0.00115017	0.00115227	0.00180296	0.00170429	0.00177991	0.00115041	323.1
0.00114969	0.0011513	0.00180269	0.00170427	0.0017797	0.00114987	323.15
0.0011492	0.00115035	0.00180243	0.0017042	0.00177949	0.00114933	323.2
0.00114872	0.0011494	0.00180216	0.0017041	0.00177926	0.0011488	323.25
0.00114823	0.00114846	0.00180189	0.00170396	0.00177903	0.00114826	323.3
0.00114775	0.00114753	0.00180161	0.00170378	0.00177878	0.00114772	323.35
0.00114726	0.00114661	0.00180131	0.00170356	0.00177852	0.00114719	323.4
0.00114678	0.00114569	0.00180101	0.0017033	0.00177825	0.00114666	323.45
0.00114633	0.00114483	0.0018007	0.001703	0.00177797	0.00114616	323.5
0.00114589	0.00114398	0.00180042	0.00170271	0.00177771	0.00114567	323.55
0.00114545	0.00114313	0.00180016	0.0017024	0.00177747	0.00114519	323.6
0.001145	0.00114229	0.00179991	0.00170206	0.00177723	0.0011447	323.65
0.00114456	0.00114146	0.00179967	0.0017017	0.00177701	0.0011442	323.7
0.00114411	0.00114064	0.00179945	0.00170131	0.00177678	0.00114371	323.75
0.00114365	0.00113983	0.00179923	0.00170089	0.00177657	0.00114322	323.8
0.0011432	0.00113902	0.00179903	0.00170043	0.00177636	0.00114272	323.85
0.00114273	0.00113823	0.00179886	0.0016999	0.00177618	0.00114222	323.9
0.00114225	0.00113749	0.00179876	0.00169926	0.00177603	0.00114171	323.95
0.00114164	0.00113698	0.00179864	0.00169863	0.00177588	0.00114111	324.0
0.00114101	0.00113649	0.00179846	0.0016981	0.00177568	0.0011405	324.05
0.00114039	0.00113601	0.00179825	0.00169762	0.00177546	0.00113989	324.1
0.00113977	0.00113552	0.00179801	0.00169716	0.00177522	0.00113929	324.15
0.00113915	0.00113503	0.00179776	0.00169671	0.00177497	0.00113868	324.2
0.00113853	0.00113454	0.00179749	0.00169625	0.0017747	0.00113808	324.25
0.00113791	0.00113405	0.00179721	0.00169579	0.00177443	0.00113748	324.3
0.0011373	0.00113356	0.00179692	0.00169529	0.00177413	0.00113688	324.35
0.00113668	0.00113308	0.00179662	0.00169473	0.00177382	0.00113628	324.4
0.00113608	0.00113268	0.00179629	0.00169402	0.00177347	0.0011357	324.45
0.00113552	0.00113258	0.00179595	0.00169334	0.00177312	0.00113519	324.5
0.00113496	0.00113254	0.00179564	0.00169288	0.00177281	0.0011347	324.55
0.00113441	0.00113249	0.00179534	0.00169253	0.00177252	0.0011342	324.6
0.00113386	0.00113242	0.00179503	0.00169225	0.00177225	0.0011337	324.65
0.0011333	0.00113233	0.00179474	0.00169202	0.00177198	0.0011332	324.7
0.00113274	0.00113223	0.00179444	0.00169184	0.00177172	0.0011327	324.75
0.00113218	0.00113211	0.00179415	0.00169169	0.00177147	0.00113219	324.8
0.00113163	0.00113197	0.00179386	0.00169158	0.00177122	0.00113168	324.85
0.00113107	0.00113181	0.00179357	0.0016915	0.00177098	0.00113116	324.9
0.00113051	0.00113164	0.00179327	0.00169145	0.00177073	0.00113065	324.95
