1.000000000000000000e+01 -5.359158390652501991e-01 1.104275234245691628e+00 1.239900000000000091e+03
1.016169999999999973e+01 -6.431147183171193049e-01 1.165363906895480861e+00 1.220169853469399868e+03
1.032610000000000028e+01 -4.808810168730647816e-01 1.229831568562729238e+00 1.200743746428951908e+03
1.049310000000000009e+01 -4.126175179529887327e-01 1.297867081331037120e+00 1.181633644966692373e+03
1.066280000000000072e+01 -3.823756663175850723e-01 1.369660675849827758e+00 1.162827775068462415e+03
1.083530000000000015e+01 -3.735629172976520640e-01 1.447326786315932479e+00 1.144315339676797294e+03
1.101060000000000016e+01 -3.753591615128092362e-01 1.535079226898957927e+00 1.126096670481172623e+03
1.118859999999999921e+01 -3.813331911069914870e-01 1.628155388534195724e+00 1.108181541926604041e+03
1.136960000000000015e+01 -3.900730148686522014e-01 1.726870041360982766e+00 1.090539684773430963e+03
1.155349999999999966e+01 -3.997235095096407509e-01 1.831579012493346870e+00 1.073181287055870598e+03
1.174039999999999928e+01 -4.083054618091313537e-01 1.942624443387086508e+00 1.056096896187523498e+03
1.193030000000000079e+01 -4.118104804585757672e-01 2.060416903789160425e+00 1.039286522551821918e+03
1.212320000000000064e+01 -4.126895898575033694e-01 2.175622774785402225e+00 1.022749769037877741e+03
1.231930000000000014e+01 -4.142927949848912994e-01 2.296727164479598127e+00 1.006469523430714503e+03
1.251859999999999928e+01 -4.134028717806854103e-01 2.424564898023894965e+00 9.904462160305466796e+02
1.272100000000000009e+01 -4.078496744647456818e-01 2.559532859507017921e+00 9.746875245656788138e+02
1.292680000000000007e+01 -3.952451454942567111e-01 2.702000561701229930e+00 9.591700962341802779e+02
1.313589999999999947e+01 -3.718476590160054718e-01 2.852405945669951315e+00 9.439018262928311742e+02
1.334830000000000005e+01 -3.242855950093979644e-01 3.011186952476602396e+00 9.288823295850409067e+02
1.356419999999999959e+01 -2.659036436923440938e-01 3.137231864792519254e+00 9.140974034591056352e+02
1.378359999999999985e+01 -2.169966017353481547e-01 3.261114443107792749e+00 8.995472880814883183e+02
1.400660000000000061e+01 -1.696155091526913017e-01 3.389882801411860491e+00 8.852255365327773688e+02
1.423310000000000031e+01 -1.178962063613594596e-01 3.523742224578198634e+00 8.711384027372814671e+02
1.446330000000000027e+01 -5.414349980965178083e-02 3.662897997480287327e+00 8.572732363983324149e+02
1.469730000000000025e+01 2.509284464129008657e-02 3.792487495278269893e+00 8.436243391643363339e+02
1.493500000000000050e+01 1.003009366820291071e-01 3.895006761093528613e+00 8.301975225979243760e+02
1.517650000000000077e+01 1.609981045610869022e-01 4.000290529871631584e+00 8.169867887852931290e+02
1.542200000000000060e+01 2.150941009011273497e-01 4.108420915561974418e+00 8.039813253793282684e+02
1.567140000000000022e+01 2.629934019751394847e-01 4.219466346455715389e+00 7.911864925916000857e+02
1.590000000000000036e+01 3.007292728666290382e-01 4.322319461351606051e+00 7.798113207547170305e+02
1.592489999999999917e+01 3.050668191057597234e-01 4.333522622160477233e+00 7.785920162763975441e+02
1.610000000000000142e+01 3.250993598362411086e-01 4.403906357995043486e+00 7.701242236024845624e+02
1.618250000000000099e+01 3.322044665909872907e-01 4.437068312343665610e+00 7.661980534528039470e+02
1.644419999999999860e+01 2.597230023461442605e-01 4.499543595498817439e+00 7.540044514175211816e+02
1.671020000000000039e+01 -9.755684213169193986e-02 4.682385515285742983e+00 7.420018910605499514e+02
1.698049999999999926e+01 1.351216957761631754e-01 5.941298697021530018e+00 7.301905126468597018e+02
1.725509999999999877e+01 8.665676645943658496e-01 5.966938777719020592e+00 7.185701618651877425e+02
1.753419999999999845e+01 1.250303124648167286e+00 5.994697398310806946e+00 7.071323470702969871e+02
1.781779999999999831e+01 1.566839697490345351e+00 6.017065238125049120e+00 6.958771565513138739e+02
1.810600000000000165e+01 1.841638888088493520e+00 6.011621083280390465e+00 6.848006185794764633e+02
1.839890000000000114e+01 2.079880636757182266e+00 6.007463380309534529e+00 6.738989830913805008e+02
1.869640000000000057e+01 2.298404165308160607e+00 6.004549703671962391e+00 6.631757985494533614e+02
1.899879999999999924e+01 2.504700866894658429e+00 6.002845839222086255e+00 6.526201654841360096e+02
1.930610000000000070e+01 2.703895964062120072e+00 6.002336732735862768e+00 6.422322478387660567e+02
1.961840000000000117e+01 2.900372257336606641e+00 6.002353155525741002e+00 6.320087265016514948e+02
1.993570000000000064e+01 3.098165943475468254e+00 6.001998696977532965e+00 6.219495678606721185e+02
2.025819999999999865e+01 3.311546509025871998e+00 6.002882790499317167e+00 6.120484544530116864e+02
2.058579999999999899e+01 3.528449140426659802e+00 5.961194906959082829e+00 6.023083873349592068e+02
2.091880000000000095e+01 3.722051803895714439e+00 5.900783674391774980e+00 5.927204237336750339e+02
2.125710000000000122e+01 3.896558128659457498e+00 5.841516562852655525e+00 5.832874663053756876e+02
2.160089999999999932e+01 4.061150492006586177e+00 5.783336092577144427e+00 5.740038609502382769e+02
2.195029999999999859e+01 4.219471630536071771e+00 5.726225840775378551e+00 5.648669949841232665e+02
2.230529999999999902e+01 4.374549898351403954e+00 5.670158436130874335e+00 5.558768543799008057e+02
2.266610000000000014e+01 4.531499318716014635e+00 5.615106507327182861e+00 5.470283815918927530e+02
2.303269999999999840e+01 4.698614138070711377e+00 5.554624109337068738e+00 5.383216036330956058e+02
2.340530000000000044e+01 4.856812745442432799e+00 5.457167168501793064e+00 5.297518083511000668e+02
2.378379999999999939e+01 4.991546222408439704e+00 5.361593374239234322e+00 5.213212354627939931e+02
2.416850000000000165e+01 5.114788372097253344e+00 5.267879460930386948e+00 5.130231499679334775e+02
2.455940000000000012e+01 5.229527443598111169e+00 5.175676444290343348e+00 5.048576105279445301e+02
2.495660000000000167e+01 5.337313761070314300e+00 5.085036329820386669e+00 4.968224838319322316e+02
2.536029999999999873e+01 5.439610142823955385e+00 4.996178088052221966e+00 4.889137746793216479e+02
2.577049999999999841e+01 5.538175936775945551e+00 4.909022342168108288e+00 4.811315263576570942e+02
2.618730000000000047e+01 5.636507820465056717e+00 4.822686367212086544e+00 4.734737830933315195e+02
2.661090000000000089e+01 5.729282870291358520e+00 4.725858966655479776e+00 4.659368905223047932e+02
2.704129999999999967e+01 5.811758635005526585e+00 4.631054306385553154e+00 4.585208551364024743e+02
2.747860000000000014e+01 5.887898052167575003e+00 4.538266912139008014e+00 4.512238614776589998e+02
2.792310000000000159e+01 5.958923313122575394e+00 4.447436567019624754e+00 4.440409553380534362e+02
2.837470000000000070e+01 6.025537189537271132e+00 4.358516739789418892e+00 4.369737829827275846e+02
2.883370000000000033e+01 6.088361658856679348e+00 4.271463636342046399e+00 4.300176529547023847e+02
2.930000000000000071e+01 6.148002098720525943e+00 4.186245779663569699e+00 4.231740614334471502e+02
2.977390000000000114e+01 6.206041883431355544e+00 4.102804321423598743e+00 4.164385586033404820e+02
3.025550000000000139e+01 6.260432366294785389e+00 4.016323278490320448e+00 4.098097866503611044e+02
3.074490000000000123e+01 6.309609864144003488e+00 3.932324813960308862e+00 4.032863987197876554e+02
3.124210000000000065e+01 6.355379080465634267e+00 3.849969996983950260e+00 3.968683283133976261e+02
3.174749999999999872e+01 6.397935055902602031e+00 3.769235561942248847e+00 3.905504370422868874e+02
3.226089999999999947e+01 6.437490327430568371e+00 3.690237836930178705e+00 3.843352169344314575e+02
3.278269999999999840e+01 6.474305829873591378e+00 3.612935764973042474e+00 3.782177794995532167e+02
3.331300000000000239e+01 6.508539152347070811e+00 3.537273234872091887e+00 3.721970401945186495e+02
3.385179999999999723e+01 6.540256588390620962e+00 3.463242035232381166e+00 3.662729899148642971e+02
3.439929999999999666e+01 6.569392825780868250e+00 3.390780580591873594e+00 3.604433811153134570e+02
3.495570000000000022e+01 6.595031756166807924e+00 3.319879290989804943e+00 3.547060994344270171e+02
3.552109999999999701e+01 6.618921965421701969e+00 3.254381099257692700e+00 3.490601360881279902e+02
3.609559999999999746e+01 6.643255448327989754e+00 3.190902910680609494e+00 3.435044714591252841e+02
3.667940000000000111e+01 6.667373127120665544e+00 3.128700225450744554e+00 3.380371543700278494e+02
3.727270000000000039e+01 6.691044615044838828e+00 3.067745672251627642e+00 3.326563409680544510e+02
3.787550000000000239e+01 6.714386945087056802e+00 3.008005036937683396e+00 3.273620150229039609e+02
3.848819999999999908e+01 6.737865294543347261e+00 2.949471476679791593e+00 3.221506851450574231e+02
3.911070000000000135e+01 6.763495096924367012e+00 2.892099828805790196e+00 3.170232187099693988e+02
3.974320000000000164e+01 6.789833250009132293e+00 2.829412671274515123e+00 3.119778981058394720e+02
4.038609999999999900e+01 6.811399416945459251e+00 2.762373474425489750e+00 3.070115708127301559e+02
4.103929999999999723e+01 6.827539668328025613e+00 2.696930025326306879e+00 3.021250362457449796e+02
4.170309999999999917e+01 6.840246379932044540e+00 2.632923570341473063e+00 2.973160268661083023e+02
4.237760000000000105e+01 6.849954518017588256e+00 2.570462226171022824e+00 2.925838178660424660e+02
4.306300000000000239e+01 6.856826243487573080e+00 2.509484407352913671e+00 2.879269906880616645e+02
4.375950000000000273e+01 6.860663979233101450e+00 2.449939476951683570e+00 2.833441881191512834e+02
4.446730000000000160e+01 6.860541025115470148e+00 2.391835646362275192e+00 2.788341095591591738e+02
4.518650000000000233e+01 6.853621157494451666e+00 2.336481264511657496e+00 2.743961138835714451e+02
4.591740000000000066e+01 6.846699970080134534e+00 2.295848545221109038e+00 2.700283552640175913e+02
4.665999999999999659e+01 6.845401890206577633e+00 2.255957588606730013e+00 2.657308186883840904e+02
4.741470000000000340e+01 6.845749524922474016e+00 2.216808394668518645e+00 2.615011800137932028e+02
4.818160000000000309e+01 6.846869130196632014e+00 2.178374960655839132e+00 2.573389011572882623e+02
4.896090000000000231e+01 6.848305152326251033e+00 2.140628546686400124e+00 2.532428938193538386e+02
4.975280000000000058e+01 6.849753883899827755e+00 2.103563678496911837e+00 2.492121046453667077e+02
5.055760000000000076e+01 6.850954315479826029e+00 2.067148879073438028e+00 2.452450274538348651e+02
5.137530000000000285e+01 6.851594749211463053e+00 2.031382779850156695e+00 2.413416563990867303e+02
5.220620000000000260e+01 6.851188333178481749e+00 1.996272223656185396e+00 2.375005267573583296e+02
5.305060000000000286e+01 6.847919470621721239e+00 1.961810367662405685e+00 2.337202595258112297e+02
5.390870000000000317e+01 6.843154979151568895e+00 1.933743272334069063e+00 2.299999814501184403e+02
5.478059999999999974e+01 6.841532179634200794e+00 1.910709762103431020e+00 2.263392514868402543e+02
5.566669999999999874e+01 6.843465142778973664e+00 1.887998275410990079e+00 2.227363935710218357e+02
5.656700000000000017e+01 6.847341952517891350e+00 1.865605253985604728e+00 2.191914013470751570e+02
5.748199999999999932e+01 6.852816210631423210e+00 1.843526181560060317e+00 2.157023068090880713e+02
5.841170000000000329e+01 6.859860708635955540e+00 1.821771732947775613e+00 2.122691173172497940e+02
5.935640000000000072e+01 6.868732936543133327e+00 1.800310294278237189e+00 2.088907009185193431e+02
6.031649999999999778e+01 6.880764274574119987e+00 1.779151171799041808e+00 2.055656412424461337e+02
6.129209999999999781e+01 6.896617717378618728e+00 1.754704206786211973e+00 2.022936071696026090e+02
6.228340000000000032e+01 6.910706363575059186e+00 1.721910632530901264e+00 1.990739105443826418e+02
6.329079999999999728e+01 6.920141124969472202e+00 1.689741124290967900e+00 1.959052500521403033e+02
6.431449999999999534e+01 6.927607323954657836e+00 1.658145592557280557e+00 1.927870075954878359e+02
6.535469999999999402e+01 6.933713448868294549e+00 1.627157293479342348e+00 1.897185665300277151e+02
6.641179999999999950e+01 6.938785499199021878e+00 1.596772668786015092e+00 1.866987493186451843e+02
6.748590000000000089e+01 6.943014767225216488e+00 1.566975569400582469e+00 1.837272674736500733e+02
6.857750000000000057e+01 6.946524141676955644e+00 1.537749709389750308e+00 1.808027414239364532e+02
6.968670000000000186e+01 6.949406045078624139e+00 1.509090709342884029e+00 1.779249125012377135e+02
7.081380000000000052e+01 6.951718667668516538e+00 1.480969281951367122e+00 1.750929903493387201e+02
7.195910000000000650e+01 6.953507830193126793e+00 1.453396375741786262e+00 1.723062128347908697e+02
7.312300000000000466e+01 6.954825030233910077e+00 1.426355704780843503e+00 1.695636119962255179e+02
7.430570000000000164e+01 6.955699986884329000e+00 1.399827424864104275e+00 1.668647223564275635e+02
7.550759999999999650e+01 6.956156135498284598e+00 1.373807567150680198e+00 1.642086359518777101e+02
7.672889999999999588e+01 6.956219163324108834e+00 1.348286277966644242e+00 1.615949140415150396e+02
7.796989999999999554e+01 6.955904567966137542e+00 1.323248913657688597e+00 1.590229049928241807e+02
7.923099999999999454e+01 6.955228566222917408e+00 1.298692463379003792e+00 1.564917772084159253e+02
8.051250000000000284e+01 6.954207386667733637e+00 1.274601462336785174e+00 1.540009315323707710e+02
8.181470000000000198e+01 6.952851869566793575e+00 1.250967562279512890e+00 1.515497826185269901e+02
8.313800000000000523e+01 6.951175275011587829e+00 1.227777214405536332e+00 1.491375784839664220e+02
8.448269999999999413e+01 6.949171409204411454e+00 1.205001405119404456e+00 1.467637753054767700e+02
8.584910000000000707e+01 6.946835808520433808e+00 1.182659294342643053e+00 1.444278390804329888e+02
8.723770000000000380e+01 6.944182130104685768e+00 1.160742260110563917e+00 1.421289190338580681e+02
8.864870000000000516e+01 6.941216420069106441e+00 1.139241817315064242e+00 1.398666872723457857e+02
9.008249999999999602e+01 6.937942424064656777e+00 1.118152081123104713e+00 1.376404962118058677e+02
9.153950000000000387e+01 6.934363382868430570e+00 1.097462650434428033e+00 1.354497238896869646e+02
9.302009999999999934e+01 6.930480409387387297e+00 1.077166271850171997e+00 1.332937719912148111e+02
9.452460000000000662e+01 6.926294502668572051e+00 1.057255965684638754e+00 1.311722027916542288e+02
9.605349999999999966e+01 6.921805865470137320e+00 1.037723383686306233e+00 1.290843123884085344e+02
9.760710000000000264e+01 6.917013357153251718e+00 1.018559767033905716e+00 1.270296935366382058e+02
9.918580000000000041e+01 6.911915511560209779e+00 9.997595046075619107e-01 1.250078136184816913e+02
1.007900000000000063e+02 6.906507383545906542e+00 9.813093213187911168e-01 1.230181565631511091e+02
1.024200000000000017e+02 6.900778302508665973e+00 9.632067537491105780e-01 1.210603397773872416e+02
1.040769999999999982e+02 6.894730682148896506e+00 9.454541284604210949e-01 1.191329496430527399e+02
1.057600000000000051e+02 6.888365825558334876e+00 9.280348858062595907e-01 1.172371406959152864e+02
1.074710000000000036e+02 6.881669394011192153e+00 9.109447832325762162e-01 1.153706581310306944e+02
1.092090000000000032e+02 6.874643803166738287e+00 8.941773884800016114e-01 1.135345987968024559e+02
1.109749999999999943e+02 6.867274405714575813e+00 8.777257218628369273e-01 1.117278666366298836e+02
1.127699999999999960e+02 6.859553070876215131e+00 8.615817088427257797e-01 1.099494546421920802e+02
1.145939999999999941e+02 6.851474414386864886e+00 8.457419280051097221e-01 1.081993821666056022e+02
1.164479999999999933e+02 6.843032095735384068e+00 8.302007682301143499e-01 1.064767106347897965e+02
1.183310000000000031e+02 6.834222875581010825e+00 8.149517972583704140e-01 1.047823478209429595e+02
1.202450000000000045e+02 6.825030291802081095e+00 7.999884459739261544e-01 1.031144746143290831e+02
1.221899999999999977e+02 6.815455603858312728e+00 7.853044189739952774e-01 1.014731156395777134e+02
1.241659999999999968e+02 6.805499761129128800e+00 7.708957474176909574e-01 9.985825427250617281e+01
1.261749999999999972e+02 6.795156712388839892e+00 7.567388919728530450e-01 9.826827818506045276e+01
1.282150000000000034e+02 6.784449319262143341e+00 7.428461697318917700e-01 9.670475373396249097e+01
1.302889999999999873e+02 6.773437285802373253e+00 7.292167595553118442e-01 9.516536315421872416e+01
1.323969999999999914e+02 6.762561144213729669e+00 7.158410814823517043e-01 9.365015823621382651e+01
1.345380000000000109e+02 6.751034754912297764e+00 7.010327887056755358e-01 9.215983588279891592e+01
1.367139999999999986e+02 6.738072909944992084e+00 6.865331075221280388e-01 9.069297950465937674e+01
1.389250000000000114e+02 6.724143455756162346e+00 6.723356056723421847e-01 8.924959510527261841e+01
1.411719999999999970e+02 6.709318601245307434e+00 6.584338508969472814e-01 8.782903125265633548e+01
1.434559999999999889e+02 6.693618628725957365e+00 6.448245586379692806e-01 8.643068257863038184e+01
1.457760000000000105e+02 6.677047803571831253e+00 6.314991069307201998e-01 8.505515311162329795e+01
1.481339999999999861e+02 6.659573821042639175e+00 6.184522952250728345e-01 8.370124346875128651e+01
1.505300000000000011e+02 6.641175911476740801e+00 6.056793335406466250e-01 8.236896299740917016e+01
1.529639999999999986e+02 6.621816378918697232e+00 5.931703682035136538e-01 8.105828822468032513e+01
1.554389999999999930e+02 6.601434693647838969e+00 5.809241675044336528e-01 7.976762588539556020e+01
1.579530000000000030e+02 6.580006339116320824e+00 5.689337517577077730e-01 7.849803422537084430e+01
1.605070000000000050e+02 6.557465634009567168e+00 5.571930992737144095e-01 7.724896733475799238e+01
1.631030000000000086e+02 6.533737646162643742e+00 5.456963115337555292e-01 7.601944783357755853e+01
1.657419999999999902e+02 6.508756628993817905e+00 5.344386122431082908e-01 7.480904055701030586e+01
1.684219999999999970e+02 6.482466155608472391e+00 5.234069179125027116e-01 7.361864839510278102e+01
1.711459999999999866e+02 6.454755998988662036e+00 5.126046225851804694e-01 7.244691666764050808e+01
1.739149999999999920e+02 6.425546319391697736e+00 5.020266078249631114e-01 7.129344794871057900e+01
1.767270000000000039e+02 6.394784580536991392e+00 4.916711766102290215e-01 7.015905888743655794e+01
1.795860000000000127e+02 6.362374176517080926e+00 4.815296111766855791e-01 6.904213023286892792e+01
1.824910000000000139e+02 6.328357781252296199e+00 4.716013504123445776e-01 6.794307664487563159e+01
1.854420000000000073e+02 6.293443007039281945e+00 4.618789082621527764e-01 6.686187595043195131e+01
1.884420000000000073e+02 6.255910015557444304e+00 4.490677635912592724e-01 6.579743369312573975e+01
1.914890000000000043e+02 6.214075117099183032e+00 4.365506689731368795e-01 6.475045563974954632e+01
1.945869999999999891e+02 6.168584210205442453e+00 4.243821617558394821e-01 6.371957016655790085e+01
1.977340000000000089e+02 6.119417188089268045e+00 4.125548243126050396e-01 6.270545277999737266e+01
2.009319999999999879e+02 6.066317436360431969e+00 4.010559016099620733e-01 6.170744331415604478e+01
2.041819999999999879e+02 6.008943870955354427e+00 3.898778117932496512e-01 6.072523532926507528e+01
2.074850000000000136e+02 5.946866155327636960e+00 3.790125213810859317e-01 5.975853676169361250e+01
2.108400000000000034e+02 5.879589491475224250e+00 3.684501219569110142e-01 5.880762663631189469e+01
2.142510000000000048e+02 5.806399150576545765e+00 3.581813893870762766e-01 5.787137516277637417e+01
2.177160000000000082e+02 5.726502894683821232e+00 3.481998777265547518e-01 5.695033897370887388e+01
2.212369999999999948e+02 5.638937322943724517e+00 3.387639448314487822e-01 5.604397094518547817e+01
2.248160000000000025e+02 5.542923895801902923e+00 3.301301146796562502e-01 5.515176855739805717e+01
2.284519999999999982e+02 5.437293702405529672e+00 3.217180058768795980e-01 5.427398315619911529e+01
2.321469999999999914e+02 5.320108970155750683e+00 3.135190922580395334e-01 5.341012375779140342e+01
2.359019999999999868e+02 5.189141423432769074e+00 3.055304177209580141e-01 5.255996133987842711e+01
2.397170000000000130e+02 5.041620338901384279e+00 2.977462342891776248e-01 5.172349061601806142e+01
2.435949999999999989e+02 4.873972554393813716e+00 2.901607803005831210e-01 5.090005952503130260e+01
2.475349999999999966e+02 4.681486949628678396e+00 2.820594317392781658e-01 5.008988627870806454e+01
2.515380000000000109e+02 4.455508385648454528e+00 2.716149068894544438e-01 4.929275099587339071e+01
2.556069999999999993e+02 4.184663335549613450e+00 2.615572482265308696e-01 4.850806120333167826e+01
2.597409999999999854e+02 3.854286642816565411e+00 2.518711962415780548e-01 4.773601395236024558e+01
2.639420000000000073e+02 3.439366186297832417e+00 2.425442559286307420e-01 4.697622962620576459e+01
2.682110000000000127e+02 2.895815356853344458e+00 2.335638775390899979e-01 4.622852903124778834e+01
2.700000000000000000e+02 2.614274014920354272e+00 2.299969641296122913e-01 4.592222222222222427e+01
2.707699999999999818e+02 2.481776799736620909e+00 2.299969641296119860e-01 4.579163127377479725e+01
2.711700000000000159e+02 2.407602446027578669e+00 2.249331433134385272e-01 4.572408452262418876e+01
2.715600000000000023e+02 2.327166265985721072e+00 2.246466727426128240e-01 4.565841802916482095e+01
2.719700000000000273e+02 2.248637962921872013e+00 2.388745027372028429e-01 4.558958708681104355e+01
2.723700000000000045e+02 2.177945993813702685e+00 2.376407918940650343e-01 4.552263465139333221e+01
2.727699999999999818e+02 2.096046897264154385e+00 2.281551687748583079e-01 4.545587857902262385e+01
2.731800000000000068e+02 2.005978063498453867e+00 2.283752599956605234e-01 4.538765649022622739e+01
2.735699999999999932e+02 1.914871161338409511e+00 2.210276384631505997e-01 4.532295207807874249e+01
2.739700000000000273e+02 1.816102323871112034e+00 2.252161391702820481e-01 4.525677993940941946e+01
2.743700000000000045e+02 1.719353781323750496e+00 2.277436856215130923e-01 4.519080074352152820e+01
2.747699999999999818e+02 1.615639493994031284e+00 2.237658225568543435e-01 4.512501364777814672e+01
2.751700000000000159e+02 1.509280237024295479e+00 2.298584130337807119e-01 4.505941781444198568e+01
2.755699999999999932e+02 1.397525341418360600e+00 2.226754399689730712e-01 4.499401241063976897e+01
2.759700000000000273e+02 1.277907610645054648e+00 2.260387003475404499e-01 4.492879660832699074e+01
2.763700000000000045e+02 1.154361318710908968e+00 2.228718128804405008e-01 4.486376958425299932e+01
2.767699999999999818e+02 1.022660371196951301e+00 2.215950623662932550e-01 4.479893051992629438e+01
2.771700000000000159e+02 8.799750540080003569e-01 2.156693959258194626e-01 4.473427860158025737e+01
2.775699999999999932e+02 7.263587408194204231e-01 2.179374636924461539e-01 4.466981302013906685e+01
2.779700000000000273e+02 5.657727913979821999e-01 2.215316999292587796e-01 4.460553297118394056e+01
2.783700000000000045e+02 3.990298587084701309e-01 2.284187570286623781e-01 4.454143765491971152e+01
2.787699999999999818e+02 2.216781811813592906e-01 2.280639711172451067e-01 4.447752627614163146e+01
2.791700000000000159e+02 3.288690216242742131e-02 2.315593527083600334e-01 4.441379804420245136e+01
2.795699999999999932e+02 -1.776359072914200365e-01 2.186769580575702587e-01 4.435025217297993549e+01
2.799700000000000273e+02 -4.139620194839880307e-01 2.209349780743538605e-01 4.428688788084437533e+01
2.803700000000000045e+02 -6.735567568331338739e-01 2.209856262462283616e-01 4.422370439062667202e+01
2.807699999999999818e+02 -9.499414834082643422e-01 2.400061086127485699e-01 4.416070092958649695e+01
2.811700000000000159e+02 -1.259910704075843269e+00 2.292215037554669599e-01 4.409787672938080050e+01
2.820699999999999932e+02 -2.142756711007243631e+00 2.534442367554508579e-01 4.395717375119651393e+01
2.821700000000000159e+02 -2.262578168034390380e+00 2.539946385717615773e-01 4.394159549207924442e+01
2.822699999999999818e+02 -2.387314367341606403e+00 2.616955320284636843e-01 4.392602827080455796e+01
2.823700000000000045e+02 -2.515444980123325180e+00 2.665454049980194862e-01 4.391047207564542987e+01
2.824700000000000273e+02 -2.648558665443126348e+00 2.739066275981263954e-01 4.389492689489149058e+01
2.825699999999999932e+02 -2.784289180719178525e+00 2.787740072294270233e-01 4.387939271684892617e+01
2.826700000000000159e+02 -2.934768467515145751e+00 2.707724096227300814e-01 4.386386952984045706e+01
2.827699999999999818e+02 -3.103418300660646612e+00 2.750986366331095723e-01 4.384835732220533089e+01
2.828700000000000045e+02 -3.276232013703079815e+00 2.906686833562430738e-01 4.383285608229929409e+01
2.829700000000000273e+02 -3.451986017062525391e+00 3.032223696450059292e-01 4.381736579849453506e+01
2.830699999999999932e+02 -3.640563221513755998e+00 3.094247280283290991e-01 4.380188645917971257e+01
2.831700000000000159e+02 -3.849079568107340865e+00 3.165075065606853810e-01 4.378641805275982790e+01
2.832699999999999818e+02 -4.072712777131171968e+00 3.345718872950312339e-01 4.377096056765630294e+01
2.833700000000000045e+02 -4.310189203969321703e+00 3.514343857771135005e-01 4.375551399230688077e+01
2.834700000000000273e+02 -4.572050191306426647e+00 3.676816396281833987e-01 4.374007831516563272e+01
2.835699999999999932e+02 -4.855020507688913689e+00 3.978055112073356492e-01 4.372465352470290156e+01
2.836700000000000159e+02 -5.169140760708196503e+00 4.177086035359447447e-01 4.370923960940529440e+01
2.837699999999999818e+02 -5.516530797881221027e+00 4.629871012734798619e-01 4.369383655777567554e+01
2.838700000000000045e+02 -5.901348446266301728e+00 4.996624170888643302e-01 4.367844435833304573e+01
2.839700000000000273e+02 -6.342386514119834118e+00 5.529967399275177442e-01 4.366306299961263448e+01
2.840699999999999932e+02 -6.847826212320614836e+00 6.199734271150761922e-01 4.364769247016580778e+01
2.841700000000000159e+02 -7.420165926247979549e+00 7.171977620643658069e-01 4.363233275856002535e+01
2.842699999999999818e+02 -8.116086702410322928e+00 7.859595345421033219e-01 4.361698385337884076e+01
2.843700000000000045e+02 -8.989946291496639930e+00 9.243647988495465873e-01 4.360164574322186581e+01
2.844700000000000273e+02 -1.012013383806193367e+01 1.089908819642727345e+00 4.358631841670474216e+01
2.845699999999999932e+02 -1.170311004143567679e+01 1.383938629813260324e+00 4.357100186245915552e+01
2.846700000000000159e+02 -1.411411822355340817e+01 2.005607720538741479e+00 4.355569606913267933e+01
2.847699999999999818e+02 -1.814854322369949102e+01 3.822241727628795438e+00 4.354040102538891688e+01
2.848700000000000045e+02 -2.139650646362517961e+01 1.118210981565506934e+01 4.352511671990733078e+01
2.849700000000000273e+02 -1.676563832341593852e+01 2.278747233098250291e+01 4.350984314138329978e+01
2.850699999999999932e+02 -8.468655842212555740e+00 2.345019072643171398e+01 4.349458027852808328e+01
2.851700000000000159e+02 -2.117402928650816030e+00 2.355691324867878933e+01 4.347932812006873604e+01
2.852699999999999818e+02 2.789162815813031937e+00 1.988844173685533079e+01 4.346408665474814370e+01
2.853700000000000045e+02 5.464700434695888731e+00 1.680876350016837861e+01 4.344885587132495175e+01
2.854700000000000273e+02 7.316366847796272666e+00 1.344075413433298216e+01 4.343363575857358683e+01
2.855699999999999932e+02 7.793325770754661264e+00 9.541278529886486837e+00 4.341842630528417857e+01
2.856700000000000159e+02 6.954691890965951195e+00 6.563841143915804643e+00 4.340322750026253829e+01
2.857699999999999818e+02 5.551566569066197943e+00 4.470838651808625386e+00 4.338803933233020160e+01
2.858700000000000045e+02 4.030276856413041564e+00 3.267697887105078358e+00 4.337286179032427924e+01
2.859700000000000273e+02 2.716186423838666375e+00 2.631714655215788401e+00 4.335769486309752097e+01
2.860699999999999932e+02 1.673635957646610883e+00 2.250658973887696757e+00 4.334253853951830138e+01
2.861700000000000159e+02 7.732922018406577225e-01 1.885460348394528030e+00 4.332739280847049201e+01
2.862699999999999818e+02 -1.256938823407155181e-01 1.574678705328954154e+00 4.331225765885353240e+01
2.863700000000000045e+02 -1.081005761400263498e+00 1.340297557589813504e+00 4.329713307958235902e+01
2.864700000000000273e+02 -2.086532302353244273e+00 1.272063641443229587e+00 4.328201905958739104e+01
2.865699999999999932e+02 -3.181393450374426557e+00 1.314480059670571910e+00 4.326691558781449487e+01
2.866700000000000159e+02 -4.310730754644634288e+00 1.721490439046563070e+00 4.325182265322496278e+01
2.867699999999999818e+02 -5.328358032290222646e+00 2.409762729179417473e+00 4.323674024479548450e+01
2.868700000000000045e+02 -6.145396813922764601e+00 3.412711157042169319e+00 4.322166835151811171e+01
2.869700000000000273e+02 -6.519374219323124997e+00 4.708642543679438575e+00 4.320660696240025089e+01
2.870699999999999932e+02 -6.623229091736771323e+00 5.724154562331135843e+00 4.319155606646462786e+01
2.871700000000000159e+02 -6.268518961052223837e+00 7.175357630798672837e+00 4.317651565274924508e+01
2.872699999999999818e+02 -5.407010028515201405e+00 7.892247625738830763e+00 4.316148571030738168e+01
2.873700000000000045e+02 -4.589036221564008144e+00 8.173056097865918801e+00 4.314646622820753663e+01
2.874700000000000273e+02 -3.932387405509762957e+00 8.150979843266039637e+00 4.313145719553344293e+01
2.875699999999999932e+02 -3.458310765285773414e+00 7.998169384694560513e+00 4.311645860138401787e+01
2.876700000000000159e+02 -3.162754240673647743e+00 7.733878973602416274e+00 4.310147043487329199e+01
2.877699999999999818e+02 -3.074533136796728350e+00 7.450502946474830246e+00 4.308649268513049435e+01
2.878700000000000045e+02 -3.104075540750681483e+00 7.290318330982495709e+00 4.307152534129989618e+01
2.879700000000000273e+02 -3.196147068360415844e+00 7.134002392014576088e+00 4.305656839254089618e+01
2.880699999999999932e+02 -3.409050050180491009e+00 7.017905005824077058e+00 4.304162182802791392e+01
2.881700000000000159e+02 -3.663634936570801415e+00 7.077540361664778068e+00 4.302668563695041826e+01
2.882699999999999818e+02 -3.986302996855325187e+00 7.123264963593100241e+00 4.301175980851286340e+01
2.883700000000000045e+02 -4.337090352277578553e+00 7.466069134303989330e+00 4.299684433193466759e+01
2.884700000000000273e+02 -4.606845463220590631e+00 7.918297986404551736e+00 4.298193919645023442e+01
2.885699999999999932e+02 -4.648220664074964148e+00 8.675575411506878609e+00 4.296704439130887465e+01
2.886700000000000159e+02 -4.319954982803664301e+00 9.353049120628025292e+00 4.295215990577475651e+01
2.887699999999999818e+02 -3.735560903996918647e+00 9.804400349573350937e+00 4.293728572912699093e+01
2.888700000000000045e+02 -3.124410936424577567e+00 9.860640649499361032e+00 4.292242185065946103e+01
2.889700000000000273e+02 -2.594139702186095242e+00 9.781069310597041877e+00 4.290756825968092869e+01
2.890699999999999932e+02 -2.264069054875425646e+00 9.393677725187000505e+00 4.289272494551493509e+01
2.891700000000000159e+02 -2.155695438205964098e+00 9.129463430766833199e+00 4.287789189749973673e+01
2.892699999999999818e+02 -2.175662907477929231e+00 8.823567463506002184e+00 4.286306910498842626e+01
2.893700000000000045e+02 -2.320259776818411890e+00 8.649493128158932009e+00 4.284825655734871930e+01
2.894700000000000273e+02 -2.512264019826796257e+00 8.547340544437579624e+00 4.283345424396310364e+01
2.895699999999999932e+02 -2.748696063915895937e+00 8.519186294067205623e+00 4.281866215422869004e+01
2.896700000000000159e+02 -3.059255981937354374e+00 8.554593422818994597e+00 4.280388027755722646e+01
2.897699999999999818e+02 -3.381819752023651038e+00 8.811888445579807438e+00 4.278910860337509803e+01
2.898700000000000045e+02 -3.590403670329252783e+00 9.213646413355876419e+00 4.277434712112327020e+01
2.899700000000000273e+02 -3.655552370218585700e+00 9.682836389817682132e+00 4.275959582025726746e+01
2.900699999999999932e+02 -3.526910761622502388e+00 1.020047680578817229e+01 4.274485469024718753e+01
2.901700000000000159e+02 -3.194265623789015685e+00 1.058306249790270037e+01 4.273012372057759478e+01
2.902699999999999818e+02 -2.885460710076771740e+00 1.066088256570691684e+01 4.271540290074759127e+01
2.903700000000000045e+02 -2.658388162667758348e+00 1.078643067326005323e+01 4.270069222027068889e+01
2.904700000000000273e+02 -2.466589535818184853e+00 1.079860292860400683e+01 4.268599166867490169e+01
2.905699999999999932e+02 -2.349094954534954649e+00 1.084191792972494639e+01 4.267130123550263932e+01
2.906700000000000159e+02 -2.229949403473147296e+00 1.091490068277347270e+01 4.265662091031066439e+01
2.907699999999999818e+02 -2.163220048405883222e+00 1.091556347163387386e+01 4.264195068267015643e+01
2.908600000000000136e+02 -2.108509693672613761e+00 1.104957712197887254e+01 4.262875610259231962e+01
2.909700000000000273e+02 -1.988726249332778862e+00 1.112256848222602557e+01 4.261264047839983249e+01
2.910699999999999932e+02 -1.961785034311494869e+00 1.114341860854456812e+01 4.259800048098395564e+01
2.911700000000000159e+02 -1.919665653502254266e+00 1.133840311319805139e+01 4.258337053954733875e+01
2.912699999999999818e+02 -1.819132752483946902e+00 1.143686282847590974e+01 4.256875064373262063e+01
2.913700000000000045e+02 -1.747316177036960072e+00 1.155200600818377765e+01 4.255414078319662963e+01
2.914700000000000273e+02 -1.637741514572874646e+00 1.170752662817292844e+01 4.253954094761038363e+01
2.915699999999999932e+02 -1.568646706367658794e+00 1.175278932772580909e+01 4.252495112665912558e+01
2.916700000000000159e+02 -1.456220897347013210e+00 1.199770744084796625e+01 4.251037131004217429e+01
2.917699999999999818e+02 -1.318636180942158953e+00 1.201334265910129950e+01 4.249580148747301678e+01
2.918700000000000045e+02 -1.279203393711713099e+00 1.213946134787504150e+01 4.248124164867920882e+01
2.919700000000000273e+02 -1.154741389722982792e+00 1.237012153279050963e+01 4.246669178340240336e+01
2.920699999999999932e+02 -9.681185716711127043e-01 1.247675609914639416e+01 4.245215188139830076e+01
2.921700000000000159e+02 -8.560031588117053003e-01 1.254003316417774094e+01 4.243762193243659908e+01
2.922699999999999818e+02 -7.181481236772947474e-01 1.274125546813262133e+01 4.242310192630102961e+01
2.923700000000000045e+02 -5.536668106334091677e-01 1.281779888789326804e+01 4.240859185278927868e+01
2.924700000000000273e+02 -3.770250854972282961e-01 1.299195158677152051e+01 4.239409170171299479e+01
2.925699999999999932e+02 -2.002833372344956508e-01 1.303727604038192567e+01 4.237960146289776731e+01
2.926700000000000159e+02 -2.974795114717955144e-02 1.319795935488800431e+01 4.236512112618306958e+01
2.927699999999999818e+02 1.960695494108978809e-01 1.328639005912765647e+01 4.235065068142228029e+01
2.928700000000000045e+02 3.758301962448951650e-01 1.332527223197718591e+01 4.233619011848260527e+01
2.929700000000000273e+02 5.873173708240251312e-01 1.346899352337843503e+01 4.232173942724511306e+01
2.930699999999999932e+02 7.807747593734699620e-01 1.345325341137334263e+01 4.230729859760467093e+01
2.931700000000000159e+02 9.896049502819537214e-01 1.362497894937627940e+01 4.229286761946993778e+01
2.932699999999999818e+02 1.241881477922257337e+00 1.362245386001234593e+01 4.227844648276332862e+01
2.933700000000000045e+02 1.461754741107208933e+00 1.370003735083938423e+01 4.226403517742100746e+01
2.934700000000000273e+02 1.783617362813286977e+00 1.378071393700483682e+01 4.224963369339285180e+01
2.935699999999999932e+02 2.027191425174061035e+00 1.361992348188783453e+01 4.223524202064243838e+01
2.936700000000000159e+02 2.289239496507765814e+00 1.373462838580764078e+01 4.222086014914700769e+01
2.937699999999999818e+02 2.552058811227817969e+00 1.350668494733528391e+01 4.220648806889744264e+01
2.938700000000000045e+02 2.718407142526751752e+00 1.349342960221542853e+01 4.219212576989825436e+01
2.939700000000000273e+02 2.954907157642331139e+00 1.341512741030406275e+01 4.217777324216756085e+01
2.940699999999999932e+02 3.161455052854820647e+00 1.327730282771296366e+01 4.216343047573707281e+01
2.941700000000000159e+02 3.352376792538880768e+00 1.315615963552803613e+01 4.214909746065200125e+01
2.942699999999999818e+02 3.463540291022286777e+00 1.293015895239767588e+01 4.213477418697115695e+01
2.943700000000000045e+02 3.554550302280502727e+00 1.288003793859853907e+01 4.212046064476679419e+01
2.944700000000000273e+02 3.650438850385835821e+00 1.270620553812336873e+01 4.210615682412469596e+01
2.945699999999999932e+02 3.704349541866001960e+00 1.263814931741935155e+01 4.209186271514411004e+01
2.946700000000000159e+02 3.811913157569738697e+00 1.257157189294161448e+01 4.207757830793769926e+01
2.947699999999999818e+02 3.868330574739024641e+00 1.240203415618817573e+01 4.206330359263154861e+01
2.953700000000000045e+02 4.267489392773749834e+00 1.216901853705258674e+01 4.197785827944612436e+01
2.957699999999999818e+02 4.502660404546142914e+00 1.178697432069191997e+01 4.192108733137235532e+01
2.961700000000000159e+02 4.655572418209922958e+00 1.165979616872965963e+01 4.186446973022250262e+01
2.965699999999999932e+02 4.798367908521446346e+00 1.141280164671753994e+01 4.180800485551472434e+01
2.969700000000000273e+02 4.901161442150096192e+00 1.132780547397820392e+01 4.175169209011011162e+01
2.973700000000000045e+02 4.970839197783992525e+00 1.117058522608268412e+01 4.169553082019034207e+01
2.977699999999999818e+02 5.072104707749860886e+00 1.124500970218275064e+01 4.163952043523525504e+01
2.981700000000000159e+02 5.217614419967853578e+00 1.117375248505410212e+01 4.158366032800081058e+01
2.985500000000000114e+02 5.416623774935958480e+00 1.128007159239571422e+01 4.153073187070842209e+01
2.989700000000000273e+02 5.616181012277809970e+00 1.109668622118641679e+01 4.147238853396661540e+01
2.993799999999999955e+02 5.725421533352787584e+00 1.114885237796728035e+01 4.141559222392945827e+01
2.997699999999999818e+02 5.886725856058480311e+00 1.118380876950484293e+01 4.136171064482770277e+01
3.001700000000000159e+02 6.210091901502426737e+00 1.135562972988441111e+01 4.130659293067261473e+01
3.005699999999999932e+02 6.526418905791151026e+00 1.114760215644316688e+01 4.125162191835513426e+01
3.009700000000000273e+02 6.760455854855521807e+00 1.116265986277979039e+01 4.119679702295910317e+01
3.013700000000000045e+02 7.044049484066762901e+00 1.105948060272888434e+01 4.114211766267379744e+01
3.017699999999999818e+02 7.428208083329680633e+00 1.105091370930913541e+01 4.108758325877324324e+01
3.021700000000000159e+02 7.634191110145714276e+00 1.056859936232824460e+01 4.103319323559585996e+01
3.025699999999999932e+02 7.795487522799668056e+00 1.066178151673978469e+01 4.097894702052418126e+01
3.029700000000000273e+02 7.980119339091876540e+00 1.029122955246543647e+01 4.092484404396475384e+01
3.033600000000000136e+02 8.171252267967695104e+00 1.039332223146710810e+01 4.087223101265823288e+01
3.037699999999999818e+02 8.402320329626169482e+00 1.001067523466693210e+01 4.081706554300951950e+01
3.041700000000000159e+02 8.571782470331974935e+00 9.996751155151880397e+00 4.076338889436827628e+01
3.045699999999999932e+02 8.796537680063345022e+00 9.686917221689412827e+00 4.070985323570936742e+01
3.049700000000000273e+02 8.923614477135432210e+00 9.492723887967221330e+00 4.065645801226349931e+01
3.053700000000000045e+02 9.094856880294740265e+00 9.287960585958904502e+00 4.060320267216819445e+01
3.057799999999999727e+02 9.170752505547334010e+00 8.943924324148341043e+00 4.054876054679836272e+01
3.061700000000000159e+02 9.303671378259425140e+00 8.880433323565885217e+00 4.049710944899892695e+01
3.065699999999999932e+02 9.355447929592253686e+00 8.378837313453404434e+00 4.044427047656326835e+01
3.069700000000000273e+02 9.322454858632118757e+00 8.314139282891680693e+00 4.039156920871746337e+01
3.073700000000000045e+02 9.280326974302315790e+00 7.954404545103063384e+00 4.033900510785046833e+01
3.077699999999999818e+02 9.222770310238894709e+00 7.980423000369750497e+00 4.028657763914612389e+01
3.081700000000000159e+02 9.316195998865261174e+00 7.816335244991458708e+00 4.023428627056495088e+01
3.085699999999999932e+02 9.293328041133687378e+00 7.564864530327819026e+00 4.018213047282627315e+01
3.089700000000000273e+02 9.297542687992967458e+00 7.524717980741961298e+00 4.013010971939023364e+01
3.093700000000000045e+02 9.288816133900406058e+00 7.245431669221327198e+00 4.007822348644018717e+01
3.103100000000000023e+02 9.202640896865656117e+00 7.066180950800469596e+00 3.995681737617221785e+01
3.107699999999999818e+02 9.175444405418149429e+00 6.872218386788937927e+00 3.989767352061009831e+01
3.111700000000000159e+02 9.174019356545027648e+00 6.837213065574112569e+00 3.984638621975126682e+01
3.115699999999999932e+02 9.114187301841003119e+00 6.585617546530547983e+00 3.979523060628430642e+01
3.119599999999999795e+02 9.019623823398989160e+00 6.613530415102022886e+00 3.974548018976792463e+01
3.123700000000000045e+02 9.015769758810298740e+00 6.535006734736332312e+00 3.969331241796587761e+01
3.127699999999999818e+02 8.986815569292998518e+00 6.458758500407673075e+00 3.964254883780414218e+01
3.131700000000000159e+02 8.976783458741024901e+00 6.411523058585927970e+00 3.959191493438068932e+01
3.135699999999999932e+02 8.929228431234497165e+00 6.289356145555340838e+00 3.954141021143604462e+01
3.139700000000000273e+02 8.942122584402637742e+00 6.338877766487080123e+00 3.949103417523966897e+01
3.143700000000000045e+02 8.936670624100948146e+00 6.115747981615985651e+00 3.944078633457391447e+01
3.147699999999999818e+02 8.824047637909513853e+00 6.080810256292289218e+00 3.939066620071798752e+01
3.151700000000000159e+02 8.781250353470053227e+00 6.081716535542427415e+00 3.934067328743218184e+01
3.155699999999999932e+02 8.758630024009386617e+00 6.034609579492772546e+00 3.929080711094211154e+01
3.159700000000000273e+02 8.710449355698733243e+00 5.996648186776151412e+00 3.924106718992309339e+01
3.163700000000000045e+02 8.694949782889171530e+00 6.018173131292887668e+00 3.919145304548472097e+01
3.167699999999999818e+02 8.681725550022756366e+00 5.958157952567128213e+00 3.914196420115541741e+01
3.171600000000000250e+02 8.663892874621502926e+00 5.976181322765445891e+00 3.909383276579644217e+01
3.175699999999999932e+02 8.690711674519988605e+00 5.958918341529095386e+00 3.904336051894070891e+01
3.179700000000000273e+02 8.688489003973154823e+00 5.888653579337927546e+00 3.899424474006981711e+01
3.183700000000000045e+02 8.687396422237412708e+00 5.886425576594470854e+00 3.894525237930709238e+01
3.187699999999999818e+02 8.676121651791165235e+00 5.806490523058324804e+00 3.889638297204881923e+01
3.191700000000000159e+02 8.670937028021336701e+00 5.820667184100584812e+00 3.884763605602030623e+01
3.195699999999999932e+02 8.648135663742063883e+00 5.722628402315440788e+00 3.879901117126139098e+01
3.199700000000000273e+02 8.633600674289297672e+00 5.769992405956829273e+00 3.875050786011188109e+01
3.203700000000000045e+02 8.619618866756743714e+00 5.669671757302753967e+00 3.870212566719730773e+01
3.207699999999999818e+02 8.551864235611565945e+00 5.690941246040999602e+00 3.865386413941453725e+01
3.211700000000000159e+02 8.571039792117010947e+00 5.761816822057091336e+00 3.860572282591773785e+01
3.215699999999999932e+02 8.593430273969650202e+00 5.708300200998610130e+00 3.855770127810430381e+01
3.219599999999999795e+02 8.644245474679781438e+00 5.767704332571780057e+00 3.851099515467760170e+01
3.223700000000000045e+02 8.651184903234318213e+00 5.607390662679149429e+00 3.846201569624965089e+01
3.227699999999999818e+02 8.641123755204592527e+00 5.686034757407786522e+00 3.841435077609443738e+01
3.231700000000000159e+02 8.648779832431802816e+00 5.567073996479233067e+00 3.836680384936720856e+01
3.235699999999999932e+02 8.568575135043069224e+00 5.580342637819749818e+00 3.831937447847452205e+01
3.239700000000000273e+02 8.616611759212313260e+00 5.717933206581393257e+00 3.827206222798407254e+01
3.243700000000000045e+02 8.732386593281979970e+00 5.643538153965116599e+00 3.822486666461139748e+01
3.247699999999999818e+02 8.711125799027728434e+00 5.512474373790862359e+00 3.817778735720664685e+01
3.251700000000000159e+02 8.690296064783911589e+00 5.575020447418737035e+00 3.813082387674140250e+01
3.255699999999999932e+02 8.712241547011659648e+00 5.526965028203961516e+00 3.808397579629573215e+01
3.259800000000000182e+02 8.738738942322068937e+00 5.561926642824702505e+00 3.803607583287318050e+01
3.263700000000000045e+02 8.834660751338629936e+00 5.541688505611232607e+00 3.799062413824800188e+01
3.267699999999999818e+02 8.838911005648322217e+00 5.360701241661000260e+00 3.794411971723231147e+01
3.271700000000000159e+02 8.774824380726384376e+00 5.363313880753000973e+00 3.789772900938350375e+01
3.275699999999999932e+02 8.745783378168114908e+00 5.350008530920238314e+00 3.785145159813170324e+01
3.279700000000000273e+02 8.794328705873077467e+00 5.428428027887270524e+00 3.780528706893923641e+01
3.283700000000000045e+02 8.839374914034964448e+00 5.303503940505374104e+00 3.775923500928830379e+01
3.287699999999999818e+02 8.814579938726403441e+00 5.289746894222412621e+00 3.771329500866868045e+01
3.291700000000000159e+02 8.815210987458936387e+00 5.273039813575159940e+00 3.766746665856548759e+01
3.295699999999999932e+02 8.836439370048804420e+00 5.273080742705759327e+00 3.762174955244712748e+01
3.299700000000000273e+02 8.873511976015546310e+00 5.236721438286343400e+00 3.757614328575324691e+01
3.303700000000000045e+02 8.891297370825343549e+00 5.174335904467818104e+00 3.753064745588280005e+01
3.307699999999999818e+02 8.852980364189903639e+00 5.102809095360393066e+00 3.748526166218218947e+01
3.311700000000000159e+02 8.855899612148963485e+00 5.164687984925826036e+00 3.743998550593350672e+01
3.315699999999999932e+02 8.898901712137060827e+00 5.096787120700104978e+00 3.739481859034291489e+01
3.319599999999999795e+02 8.892439057066889418e+00 5.053693279646389591e+00 3.735088564887335849e+01
3.323700000000000045e+02 8.931586105661022401e+00 5.054775847459644034e+00 3.730481090351114659e+01
3.327699999999999818e+02 8.908285794218128828e+00 4.891555046112597616e+00 3.725996934819846018e+01
3.331700000000000159e+02 8.845030697734607372e+00 4.930449189535980992e+00 3.721523546537803639e+01
3.335699999999999932e+02 8.812026012937044683e+00 4.891534487352054761e+00 3.717060886770393324e+01
3.339700000000000273e+02 8.834395308028778260e+00 4.985734840521016231e+00 3.712608916968589767e+01
3.343700000000000045e+02 8.876912883444912694e+00 4.890419766985417915e+00 3.708167598767832374e+01
3.347699999999999818e+02 8.885548379420148635e+00 4.894498054721395874e+00 3.703736893986916812e+01
3.351700000000000159e+02 8.883158789113698717e+00 4.805886008214075744e+00 3.699316764626905751e+01
3.355699999999999932e+02 8.882541655593701790e+00 4.823186111019064803e+00 3.694907172870042444e+01
3.359700000000000273e+02 8.878656393822586423e+00 4.724611729880759725e+00 3.690508081078667857e+01
3.363700000000000045e+02 8.829061973087883430e+00 4.709331886957398794e+00 3.686119451794155566e+01
3.367699999999999818e+02 8.799372270449930866e+00 4.706167960250819959e+00 3.681741247735843814e+01
3.371700000000000159e+02 8.813208066331450041e+00 4.732820586306703881e+00 3.677373431799982484e+01
3.375699999999999932e+02 8.821957123160519387e+00 4.664539759199316293e+00 3.673015967058684339e+01
3.379700000000000273e+02 8.795903864544369455e+00 4.646202921049519041e+00 3.668668816758884077e+01
3.383700000000000045e+02 8.777801196257087213e+00 4.625295484269389412e+00 3.664331944321305201e+01
3.387699999999999818e+02 8.751046745471514399e+00 4.605731475641256623e+00 3.660005313339433997e+01
3.391700000000000159e+02 8.728846607571309590e+00 4.611608920227292963e+00 3.655688887578500612e+01
3.400000000000000000e+02 8.715067687544438613e+00 4.611608920227294739e+00 3.646764705882353041e+01
3.411920000000000073e+02 8.706849558513276577e+00 4.591678012634640815e+00 3.634024244413702576e+01
3.467110000000000127e+02 8.702760999208640769e+00 4.502654256515822517e+00 3.576177277328957160e+01
3.523190000000000168e+02 8.738172442335102374e+00 4.415358260006147617e+00 3.519253858009361124e+01
3.580169999999999959e+02 8.791638828608515865e+00 4.329762528618231521e+00 3.463243365538508556e+01
3.638079999999999927e+02 8.854730372288795337e+00 4.245812264976516204e+00 3.408116369073797358e+01
3.696920000000000073e+02 8.923723265416843020e+00 4.163493632880522988e+00 3.353872953702001070e+01
3.756720000000000255e+02 8.999228059825496118e+00 4.082765465870292765e+00 3.300485529930364237e+01
3.817479999999999905e+02 9.076804180731304683e+00 3.993445469993383679e+00 3.247954147762398946e+01
3.879220000000000255e+02 9.148221719078346581e+00 3.899871985223657411e+00 3.196261104036378242e+01
3.941970000000000027e+02 9.213199336869577039e+00 3.808477216187475367e+00 3.145381623908857804e+01
4.005729999999999791e+02 9.273912522483730214e+00 3.719233545226524829e+00 3.095315959887461688e+01
4.070520000000000209e+02 9.330918366077829873e+00 3.632072516678335639e+00 3.046048170749683237e+01
4.136349999999999909e+02 9.384517178045047814e+00 3.546966704483803579e+00 2.997570321660401405e+01
4.203260000000000218e+02 9.434970463464722457e+00 3.463847584552168790e+00 2.949853209175735103e+01
4.271240000000000236e+02 9.482447751835270111e+00 3.382674004109124333e+00 2.902904074694936298e+01
4.340319999999999823e+02 9.527124830473722383e+00 3.303404824066023870e+00 2.856701810004792819e+01
4.410520000000000209e+02 9.569180206520606191e+00 3.225998877962907407e+00 2.811233142577292909e+01
4.481859999999999786e+02 9.608781630951732211e+00 3.150401395795532800e+00 2.766485343138786490e+01
4.554350000000000023e+02 9.646074394299311905e+00 3.076571295955013330e+00 2.722452161120687109e+01
4.628020000000000209e+02 9.681236487114563971e+00 3.004481088059665961e+00 2.679115474868302371e+01
4.702869999999999777e+02 9.714441663357900936e+00 2.934075969259660965e+00 2.636475173670546468e+01
4.778940000000000055e+02 9.745961899476935031e+00 2.865328513495906559e+00 2.594508405629700221e+01
4.856229999999999905e+02 9.776412651846621671e+00 2.798074420335625589e+00 2.553215148376416010e+01
4.934780000000000086e+02 9.804895054694192424e+00 2.730301843276098595e+00 2.512574015457629173e+01
5.014590000000000032e+02 9.830612736089346271e+00 2.664173061575333623e+00 2.472584996978815752e+01
5.095699999999999932e+02 9.854292343128562948e+00 2.599633277857767322e+00 2.433228015778009379e+01
5.178120000000000118e+02 9.876172126564336295e+00 2.536668754459671771e+00 2.394498389376839498e+01
5.261870000000000118e+02 9.896415274430310660e+00 2.475224707691140225e+00 2.356386607802929234e+01
5.346979999999999791e+02 9.915140336374800967e+00 2.415260017623450217e+00 2.318879068184283909e+01
5.433460000000000036e+02 9.932457253520245999e+00 2.356760950698567392e+00 2.281971340545435467e+01
5.521340000000000146e+02 9.948465997546751538e+00 2.299672727332286559e+00 2.245650512375619101e+01
5.610650000000000546e+02 9.963256416030747076e+00 2.243967924202641129e+00 2.209904378280591075e+01
5.701390000000000100e+02 9.976896491213853579e+00 2.189605447383657477e+00 2.174732828310289534e+01
5.793609999999999900e+02 9.989464787309987770e+00 2.136571566054434435e+00 2.140116438628075102e+01
5.887319999999999709e+02 1.000104440698722108e+01 2.084825199974656762e+00 2.106051649986751428e+01
5.982540000000000191e+02 1.001169190911118001e+01 2.034325244269822086e+00 2.072531065400315242e+01
6.079299999999999500e+02 1.002145735046171815e+01 1.985044279723665372e+00 2.039544026450414194e+01
6.177630000000000337e+02 1.003040695093223000e+01 1.936968460555753335e+00 2.007080385196264416e+01
6.277549999999999955e+02 1.003858886390050031e+01 1.890043042764591341e+00 1.975133611042524606e+01
6.379080000000000155e+02 1.004604107423585546e+01 1.844267885387899097e+00 1.943697210256024377e+01
6.482259999999999991e+02 1.005278927488828344e+01 1.799588455183321223e+00 1.912758821768951023e+01
6.587110000000000127e+02 1.005880926016912902e+01 1.756004723410975910e+00 1.882312577139292031e+01
6.693650000000000091e+02 1.006370202488530019e+01 1.713461917329486495e+00 1.852352602840005247e+01
6.801910000000000309e+02 1.006796430689911404e+01 1.673602284449667854e+00 1.822870340830737490e+01
6.911929999999999836e+02 1.007331880691314652e+01 1.636275253791088291e+00 1.793854972489594246e+01
7.023719999999999573e+02 1.008180013196212776e+01 1.600317519769849595e+00 1.765303856076267408e+01
7.137329999999999472e+02 1.009168002155838906e+01 1.560076878164855296e+00 1.737204248647603677e+01
7.252770000000000437e+02 1.009885299058648123e+01 1.517441923809357718e+00 1.709553729126940524e+01
7.370080000000000382e+02 1.010323725643523396e+01 1.475984590236268934e+00 1.682342661138006790e+01
7.489279999999999973e+02 1.010616455782329659e+01 1.435663793099576369e+00 1.655566356178431064e+01
7.610420000000000300e+02 1.010801901823654525e+01 1.396438452158964783e+00 1.629213630785160305e+01
7.733509999999999991e+02 1.010901028835169413e+01 1.358270214725804559e+00 1.603282338808639551e+01
7.858590000000000373e+02 1.010926692009979533e+01 1.321118022456834851e+00 1.577763950021568817e+01
7.985700000000000500e+02 1.010888167546442418e+01 1.284958589204573176e+00 1.552650362523009875e+01
8.114859999999999900e+02 1.010793334416553435e+01 1.249778212887999951e+00 1.527937635399748295e+01
8.246109999999999900e+02 1.010650746596513727e+01 1.215571382292542468e+00 1.503618069611004593e+01
8.379489999999999554e+02 1.010473035891106264e+01 1.182312075507640836e+00 1.479684324463660872e+01
8.515019999999999527e+02 1.010263907566151076e+01 1.149812789435555871e+00 1.456132810022760005e+01
8.652740000000000009e+02 1.010016700274350931e+01 1.118037926310659680e+00 1.432956497017130104e+01
8.792690000000000055e+02 1.009725597120197804e+01 1.086997048302361213e+00 1.410148657578056408e+01
8.934909999999999854e+02 1.009394931945356610e+01 1.056829723121874398e+00 1.387702841998408587e+01
9.079429999999999836e+02 1.009035699059864122e+01 1.027501733886486246e+00 1.365614361253955522e+01
9.226280000000000427e+02 1.008658610344228457e+01 9.989939042518837242e-01 1.343878572945976124e+01
9.375510000000000446e+02 1.008258719180732221e+01 9.710612458814913417e-01 1.322488056649718402e+01
9.527150000000000318e+02 1.007828851159507977e+01 9.438748158175505054e-01 1.301438520438956026e+01
9.681240000000000236e+02 1.007376089356796456e+01 9.174209147161689337e-01 1.280724370018716840e+01
9.837830000000000155e+02 1.006903154715366533e+01 8.916844760362018230e-01 1.260338916204081627e+01
9.996950000000000500e+02 1.006414317301649142e+01 8.666832774476905810e-01 1.240278284876887405e+01
1.015860000000000014e+03 1.005914585925878768e+01 8.423981480805843303e-01 1.220542200696946367e+01
1.032289999999999964e+03 1.005421599749179684e+01 8.188742382899559802e-01 1.201115965474818204e+01
1.048990000000000009e+03 1.004934539212889000e+01 7.956448575501361420e-01 1.181994108618766681e+01
1.065960000000000036e+03 1.004418659591297036e+01 7.726908349910746043e-01 1.163176854666216542e+01
1.083200000000000045e+03 1.003870671055999431e+01 7.504295749774485547e-01 1.144663958641063672e+01
1.100720000000000027e+03 1.003306640387619630e+01 7.287898997693608161e-01 1.126444509048622855e+01
1.118519999999999982e+03 1.002727949360695447e+01 7.077471642334670632e-01 1.108518399313378566e+01
1.136609999999999900e+03 1.002138289772705981e+01 6.873437898045879901e-01 1.090875498191992143e+01
1.155000000000000000e+03 1.001543153785755003e+01 6.675263900985280996e-01 1.073506493506493520e+01
1.173680000000000064e+03 1.000944027955470617e+01 6.482771682853211148e-01 1.056420830209256323e+01
1.192660000000000082e+03 1.000342984191149931e+01 6.295961134164406170e-01 1.039608941357973038e+01
1.211950000000000045e+03 9.997434418420537483e+00 6.114462660032669028e-01 1.023062007508560534e+01
1.231549999999999955e+03 9.991510834941452757e+00 5.938125649789142146e-01 1.006780073890625893e+01
1.251470000000000027e+03 9.985649473313703339e+00 5.765375624565456381e-01 9.907548722702102850e+00
1.271720000000000027e+03 9.979777574273594354e+00 5.596021388873267943e-01 9.749787689113956546e+00
1.292289999999999964e+03 9.973787311495236452e+00 5.429666024409718350e-01 9.594595640297457706e+00
1.313190000000000055e+03 9.967660589125740600e+00 5.268403480678386375e-01 9.441893404610148366e+00
1.334430000000000064e+03 9.961488155084666118e+00 5.111891546426626798e-01 9.291607652705650366e+00
1.356009999999999991e+03 9.955292041350794818e+00 4.959979610985590925e-01 9.143737878039248201e+00
1.377940000000000055e+03 9.949089736131831785e+00 4.812626585903572174e-01 8.998214726330610702e+00
1.400230000000000018e+03 9.942901280444580436e+00 4.669627121984498141e-01 8.854973825728629677e+00
1.422880000000000109e+03 9.936739986481244458e+00 4.530844313377672683e-01 8.714016642302935267e+00
1.445890000000000100e+03 9.930620954352070484e+00 4.396209629149510634e-01 8.575341139367449017e+00
1.469279999999999973e+03 9.924557418722431024e+00 4.265421957447589896e-01 8.438827180659915328e+00
1.493039999999999964e+03 9.918568563658620718e+00 4.138262282577525042e-01 8.304533033274394072e+00
1.517190000000000055e+03 9.912605453338006356e+00 4.013882060883357528e-01 8.172344927135032577e+00
1.541730000000000018e+03 9.906635862990532004e+00 3.893102397644860324e-01 8.042264209686521781e+00
1.566670000000000073e+03 9.900689604098625196e+00 3.775923261385017438e-01 7.914238480343659177e+00
1.592009999999999991e+03 9.894783969558066161e+00 3.662276189598522302e-01 7.788267661635291716e+00
1.617759999999999991e+03 9.888928586453381797e+00 3.552051609431305934e-01 7.664301256057759915e+00
1.643920000000000073e+03 9.883131855451974701e+00 3.445153678850210177e-01 7.542337826658231492e+00
1.670509999999999991e+03 9.877399132378542390e+00 3.341472835949688136e-01 7.422284212605731568e+00
1.697529999999999973e+03 9.871742617061494585e+00 3.240913277016422844e-01 7.304141900290423095e+00
1.724990000000000009e+03 9.866194649519155035e+00 3.143420233414733200e-01 7.187867755755106280e+00
1.752890000000000100e+03 9.860726850971998303e+00 3.047912399919149862e-01 7.073461540655717528e+00
1.781240000000000009e+03 9.855288363813542674e+00 2.954991981074591711e-01 6.960881183894366053e+00
1.810049999999999955e+03 9.849885143524140574e+00 2.864672640642233481e-01 6.850087014170879840e+00
1.839319999999999936e+03 9.844526018806487144e+00 2.777132285336261774e-01 6.741078224561252163e+00
1.869069999999999936e+03 9.839224113016097562e+00 2.692275084072042746e-01 6.633780436259745450e+00
1.899299999999999955e+03 9.833988506408267938e+00 2.610018894160298641e-01 6.528194598009793737e+00
1.930019999999999982e+03 9.828821872638416224e+00 2.530267892727787182e-01 6.424285758696801629e+00
1.961240000000000009e+03 9.823726190158240001e+00 2.452953624112035880e-01 6.322020762374824798e+00
1.992960000000000036e+03 9.818690494157216619e+00 2.377993948360898890e-01 6.221399325626205012e+00
2.025200000000000045e+03 9.813783949840621190e+00 2.306100631924834776e-01 6.122358285601422700e+00
2.057949999999999818e+03 9.808991449175127997e+00 2.235165718029054893e-01 6.024927719332345610e+00
2.091239999999999782e+03 9.804232230941186899e+00 2.166325284640404358e-01 5.929018190164687674e+00
2.125059999999999945e+03 9.799538658744728181e+00 2.099538255624263106e-01 5.834658786104863992e+00
2.159429999999999836e+03 9.794912307742825064e+00 2.034708820424483144e-01 5.741792973145692258e+00
2.194360000000000127e+03 9.790355474388151791e+00 1.971809574879021254e-01 5.650394648097850414e+00
2.229849999999999909e+03 9.785869301248942165e+00 1.910758396827089700e-01 5.560463708321188747e+00
2.265920000000000073e+03 9.781453053224657523e+00 1.851541581450536489e-01 5.471949583392175853e+00
2.302570000000000164e+03 9.777109094878094098e+00 1.794076994271483483e-01 5.384852577771793491e+00
2.339809999999999945e+03 9.772838726812738130e+00 1.738350934577470863e-01 5.299148221436783324e+00
2.377659999999999854e+03 9.768636908579212630e+00 1.684199155309797913e-01 5.214791013012795240e+00
2.416110000000000127e+03 9.764504498898872953e+00 1.631744812338326300e-01 5.131802773880328239e+00
2.455190000000000055e+03 9.760445231067205185e+00 1.580851046343605959e-01 5.050118320781691317e+00
2.494900000000000091e+03 9.756455191134326910e+00 1.531435709162099201e-01 4.969738266062767806e+00
2.535260000000000218e+03 9.752533009265279773e+00 1.483539860505633246e-01 4.890622658031128722e+00
2.576260000000000218e+03 9.748684806035296191e+00 1.437095048817431109e-01 4.812790634485649477e+00
2.617929999999999836e+03 9.744902382603516600e+00 1.391978093593442267e-01 4.736184695541898471e+00
2.660269999999999982e+03 9.741189980844744412e+00 1.348314891940876059e-01 4.660805106248614216e+00
2.703300000000000182e+03 9.737546569598183765e+00 1.305861819983280547e-01 4.586616357784929932e+00
2.747030000000000200e+03 9.733966120481269968e+00 1.264718783025751137e-01 4.513601962847147320e+00
2.791460000000000036e+03 9.730452157639515320e+00 1.224832385104129145e-01 4.441761658773545562e+00
2.836610000000000127e+03 9.727009329804388926e+00 1.186210838981918841e-01 4.371062641674392957e+00
2.882489999999999782e+03 9.723629946811632507e+00 1.148610519414106218e-01 4.301489337343755714e+00
2.929110000000000127e+03 9.720311749169210813e+00 1.112269543168268038e-01 4.233026414166760176e+00
2.976480000000000018e+03 9.717060881543982731e+00 1.076983992568181642e-01 4.165658764715368889e+00
3.024630000000000109e+03 9.713871307260296462e+00 1.042768917732205119e-01 4.099344382618700600e+00
3.073550000000000182e+03 9.710744663249466058e+00 1.009587348223193043e-01 4.034097379252004956e+00
3.123260000000000218e+03 9.707679015455790150e+00 9.774146389077977004e-02 3.969890434994205020e+00
3.173780000000000200e+03 9.704673444511250580e+00 9.462165770090079364e-02 3.906698006793161593e+00
3.225110000000000127e+03 9.701728252448587497e+00 9.159739930253373019e-02 3.844520031874881560e+00
3.277269999999999982e+03 9.698841923925870745e+00 8.866444473200391085e-02 3.783331858528592662e+00
3.330280000000000200e+03 9.696012771015363185e+00 8.582060427030853422e-02 3.723110369098093564e+00
3.384150000000000091e+03 9.693240993036923214e+00 8.306409770071043752e-02 3.663844687735473116e+00
3.438880000000000109e+03 9.690526347418542130e+00 8.039136513716174659e-02 3.605534360024194029e+00
3.494500000000000000e+03 9.687866658500380979e+00 7.780008097575905057e-02 3.548147088281585759e+00
3.551019999999999982e+03 9.685261513483940377e+00 7.528778048419744462e-02 3.491672815134806207e+00
3.608460000000000036e+03 9.682709362612548887e+00 7.285158885310867583e-02 3.436091850817246218e+00
3.666820000000000164e+03 9.680209957380117913e+00 7.049082136164008805e-02 3.381404050376075165e+00
3.726130000000000109e+03 9.677762226927633549e+00 6.820232967885811459e-02 3.327581163298114042e+00
3.786400000000000091e+03 9.675365654902940094e+00 6.598392366150462873e-02 3.274614409465455456e+00
3.847639999999999873e+03 9.673018165403741264e+00 6.383231805363527578e-02 3.222494827998461542e+00
3.909869999999999891e+03 9.670718149787553841e+00 6.174833351574598311e-02 3.171205180734909312e+00
3.973110000000000127e+03 9.668460967220495306e+00 5.972800074163714390e-02 3.120729101384054349e+00
4.037380000000000109e+03 9.666259748660955609e+00 5.779047577979211370e-02 3.071051028142012917e+00
4.102680000000000291e+03 9.664114365810982932e+00 5.589320239165593285e-02 3.022170873672818558e+00
4.169029999999999745e+03 9.662008201583329736e+00 5.405465220594374287e-02 2.974073105734427624e+00
4.236460000000000036e+03 9.659945529886375226e+00 5.227550921816830759e-02 2.926736001284091060e+00
4.304979999999999563e+03 9.657926840554202030e+00 5.055125646314454629e-02 2.880152753322896331e+00
4.374619999999999891e+03 9.655950709626832662e+00 4.888216736663834189e-02 2.834303322345712584e+00
4.445369999999999891e+03 9.654018524041406479e+00 4.726687293857099320e-02 2.789194150318196730e+00
4.517270000000000437e+03 9.652128830525244396e+00 4.570195132644353647e-02 2.744799403179353892e+00
4.590329999999999927e+03 9.650280706883460624e+00 4.418658124021972861e-02 2.701112991876401637e+00
4.664579999999999927e+03 9.648472736771752878e+00 4.271857224924265756e-02 2.658117129516484045e+00
4.740029999999999745e+03 9.646704638107804541e+00 4.129819783402079170e-02 2.615806229074499889e+00
4.816689999999999600e+03 9.644976481116245282e+00 3.992326805658072408e-02 2.574174381162167791e+00
4.894600000000000364e+03 9.643286935895179823e+00 3.859214021367931430e-02 2.533199852899113313e+00
4.973770000000000437e+03 9.641635539794163989e+00 3.730358241816211784e-02 2.492877636078869585e+00
5.054210000000000036e+03 9.640021851453221657e+00 3.605649942048647777e-02 2.453202379798227639e+00
5.135960000000000036e+03 9.638444497225007623e+00 3.484897491372974943e-02 2.414154315843581422e+00
5.219029999999999745e+03 9.636903525122967551e+00 3.368114560393210138e-02 2.375728823172122528e+00
5.303439999999999600e+03 9.635398439030554485e+00 3.255000019465571076e-02 2.337916522106406880e+00
5.389220000000000255e+03 9.633927677903679765e+00 3.145485426613244678e-02 2.300703997981154991e+00
5.476390000000000327e+03 9.632490384493367586e+00 3.039461276041886123e-02 2.264082726029373216e+00
5.564970000000000255e+03 9.631085692670366072e+00 2.936886490248315565e-02 2.228044356034264428e+00
5.654979999999999563e+03 9.629714349778931037e+00 2.837788403597711270e-02 2.192580698782312432e+00
5.746439999999999600e+03 9.628375941410416416e+00 2.741770115578565439e-02 2.157683713742769793e+00
5.839390000000000327e+03 9.627068391027918892e+00 2.648804241188753780e-02 2.123338225396830925e+00
5.933829999999999927e+03 9.625790965530004684e+00 2.558822334345763061e-02 2.089544189840288890e+00
6.029810000000000400e+03 9.624543118379477846e+00 2.471865421915837163e-02 2.056283697164587476e+00
6.127329999999999927e+03 9.623325770067721052e+00 2.387796632262436866e-02 2.023556753104533534e+00
6.226439999999999600e+03 9.622137270401152520e+00 2.306328559719859894e-02 1.991346580068225292e+00
6.327149999999999636e+03 9.620976607150725002e+00 2.227556966944452960e-02 1.959650079419644086e+00
6.429479999999999563e+03 9.619843779214640733e+00 2.151372372776059333e-02 1.928460777543441029e+00
6.533479999999999563e+03 9.618737919378785861e+00 2.077665278263163620e-02 1.897763519594458437e+00
6.639149999999999636e+03 9.617658712822894529e+00 2.006380901084431345e-02 1.867558347077562741e+00
6.746539999999999964e+03 9.616605338751357479e+00 1.937423441632239382e-02 1.837830947418973349e+00
6.855649999999999636e+03 9.615577571130783596e+00 1.870751838826191504e-02 1.808581243208156941e+00
6.966539999999999964e+03 9.614574668868650420e+00 1.806256582766250021e-02 1.779793125425247258e+00
7.079220000000000255e+03 9.613596005989853310e+00 1.743855548554496676e-02 1.751464144354886621e+00
7.193720000000000255e+03 9.612641027258426618e+00 1.683535039584172985e-02 1.723586683940993014e+00
7.310069999999999709e+03 9.611709290707693754e+00 1.625199245299129014e-02 1.696153388408045526e+00
7.428310000000000400e+03 9.610800371942358922e+00 1.568820783434372521e-02 1.669154895258813998e+00
7.548449999999999818e+03 9.609913868160582240e+00 1.514276470748725408e-02 1.642588875861932030e+00
7.670539999999999964e+03 9.609048918175339793e+00 1.461552612003995562e-02 1.616444213836314203e+00
7.794609999999999673e+03 9.608205348780121113e+00 1.410594453618728775e-02 1.590714609197894536e+00
7.920680000000000291e+03 9.607382700672271625e+00 1.361310293471374236e-02 1.565395900351990166e+00
8.048789999999999964e+03 9.606580270752838047e+00 1.313667277770783244e-02 1.540479997614548235e+00
8.178979999999999563e+03 9.605797657760046349e+00 1.267621601462083809e-02 1.515959202736771871e+00
8.311260000000000218e+03 9.605034653722514193e+00 1.223123989332815416e-02 1.491831563445253916e+00
8.445690000000000509e+03 9.604290565671623980e+00 1.180099159724743926e-02 1.468086088880837581e+00
8.582290000000000873e+03 9.603565009053413704e+00 1.138530685058009376e-02 1.444719299860526718e+00
8.721110000000000582e+03 9.602857676977654577e+00 1.098365183190971872e-02 1.421722693556210171e+00
8.862159999999999854e+03 9.602168193296614973e+00 1.059532847549829286e-02 1.399094577394224492e+00
9.005500000000000000e+03 9.601495854431279398e+00 1.022004934830880209e-02 1.376825273444006514e+00
9.151159999999999854e+03 9.600840421278903136e+00 9.857581673717525153e-03 1.354910197177188413e+00
9.299170000000000073e+03 9.600201549658862632e+00 9.507323293710763859e-03 1.333344803891099994e+00
9.449579999999999927e+03 9.599578837865644587e+00 9.169082476322400199e-03 1.312121808588318173e+00
9.602420000000000073e+03 9.598972085894041939e+00 8.842284414326731512e-03 1.291237000672747159e+00
9.757729999999999563e+03 9.598380628336093068e+00 8.526272131806032772e-03 1.270684882652010295e+00
9.915549999999999272e+03 9.597804119280636925e+00 8.221332952312048262e-03 1.250460135847230037e+00
1.007589999999999964e+04 9.597242431081445702e+00 7.926741561961237262e-03 1.230560049226371966e+00
1.023889999999999964e+04 9.596694905569558287e+00 7.642237811444838914e-03 1.210969928410278618e+00
1.040450000000000000e+04 9.596161545926259251e+00 7.367479507301564166e-03 1.191695900812148823e+00
1.057279999999999927e+04 9.595641796513032062e+00 7.102151832860823834e-03 1.172726240920096918e+00
1.074379999999999927e+04 9.595135463125318509e+00 6.845953662584548099e-03 1.154060946778607377e+00
1.091760000000000036e+04 9.594642075461040420e+00 6.598597548381499381e-03 1.135689162453286549e+00
1.109420000000000073e+04 9.594161503475101327e+00 6.359796054477527549e-03 1.117611003948008941e+00
1.127360000000000036e+04 9.593693487617382942e+00 6.129248052597424147e-03 1.099826142492194236e+00
1.145589999999999964e+04 9.593237537904018453e+00 5.906720852337104394e-03 1.082324391798112906e+00
1.164120000000000073e+04 9.592793301154433294e+00 5.691927012448153023e-03 1.065096381816307503e+00
1.182950000000000000e+04 9.592360635275824166e+00 5.484606472578584281e-03 1.048142355974470696e+00
1.202079999999999927e+04 9.591939316146602224e+00 5.284553915009340859e-03 1.031462132304006518e+00
1.221529999999999927e+04 9.591528812946032545e+00 5.091495588255943658e-03 1.015038517269326368e+00
1.241279999999999927e+04 9.591129345292388919e+00 4.905226181442162887e-03 9.988882443928849275e-01
1.261360000000000036e+04 9.590740110675401553e+00 4.725499317137111036e-03 9.829866176190777960e-01
1.281760000000000036e+04 9.590361190125364033e+00 4.552123370122785652e-03 9.673417800524279908e-01
1.302500000000000000e+04 9.589992100171397027e+00 4.384879339759038992e-03 9.519385796545105638e-01
1.323560000000000036e+04 9.589633016687436395e+00 4.223575599459297551e-03 9.367916830366587178e-01
1.344970000000000073e+04 9.589283241082160458e+00 4.067993152689106801e-03 9.218792984230130827e-01
1.366720000000000073e+04 9.588942819282182839e+00 3.917967745546932848e-03 9.072084991805197118e-01
1.388829999999999927e+04 9.588611316782873928e+00 3.773307755551905378e-03 8.927658532721788331e-01
1.411289999999999964e+04 9.588288740152064449e+00 3.633821558854597768e-03 8.785579150989520913e-01
1.434120000000000073e+04 9.587974661590907388e+00 3.499358591317403618e-03 8.645720023429002143e-01
1.457310000000000036e+04 9.587669075151252329e+00 3.369740917486251878e-03 8.508141713156431862e-01
1.480889999999999964e+04 9.587371484306064673e+00 3.244817974592109373e-03 8.372667787614206381e-01
1.504839999999999964e+04 9.587082038978946841e+00 3.124425512839138896e-03 8.239414156986790694e-01
1.529179999999999927e+04 9.586800331972680667e+00 3.008412972195431169e-03 8.108267175872037047e-01
1.553910000000000036e+04 9.586526249158175972e+00 2.896629791260514099e-03 7.979226596134911809e-01
1.579039999999999964e+04 9.586259541633751269e+00 2.788939094292151605e-03 7.852239335292330313e-01
1.604579999999999927e+04 9.586000006217686220e+00 2.685217693943458411e-03 7.727255730471526141e-01
1.630539999999999964e+04 9.585747469187390735e+00 2.585315031551099329e-03 7.604229273737534989e-01
1.656909999999999854e+04 9.585501900478281101e+00 2.489107919768196887e-03 7.483206691974821911e-01
1.683709999999999854e+04 9.585262976773741173e+00 2.396459486958205185e-03 7.364094766913543699e-01
1.710940000000000146e+04 9.585030611516684118e+00 2.307287604117515007e-03 7.246893520520882870e-01
1.738609999999999854e+04 9.584804598933839515e+00 2.221428026924544743e-03 7.131559119066381847e-01
1.766740000000000146e+04 9.584584708891364713e+00 2.138812316139614839e-03 7.018010573146020725e-01
1.795309999999999854e+04 9.584370987891393412e+00 2.059289914467946417e-03 6.906328155026152382e-01
1.824350000000000000e+04 9.584163084382652187e+00 1.982792379932724752e-03 6.796393235947050249e-01
1.853859999999999854e+04 9.583960929799857809e+00 1.909196532029900110e-03 6.688207307995210904e-01
1.883840000000000146e+04 9.583764380160259222e+00 1.838406556097625091e-03 6.581769152369627562e-01
1.914309999999999854e+04 9.583573137557547028e+00 1.770326644316880032e-03 6.477007381249642037e-01
1.945270000000000073e+04 9.583386887112906649e+00 1.704874669052619182e-03 6.373922386095504100e-01
1.976740000000000146e+04 9.583203401259238419e+00 1.641954819748688140e-03 6.272448576949928301e-01
2.008709999999999854e+04 9.583030798390081983e+00 1.591735636271009125e-03 6.172618247531999058e-01
2.041200000000000000e+04 9.582867506491949072e+00 1.530458598327012233e-03 6.074368018812463799e-01
2.074209999999999854e+04 9.582704664541445538e+00 1.471617860732974412e-03 5.977697533036675503e-01
2.107759999999999854e+04 9.582545281744399901e+00 1.415117615669876650e-03 5.882548297718905861e-01
2.141850000000000000e+04 9.582389819420139787e+00 1.360859315449921897e-03 5.788920792772602741e-01
2.176500000000000000e+04 9.582238341121756875e+00 1.308748518493352189e-03 5.696760854583047262e-01
2.211700000000000000e+04 9.582090934341334076e+00 1.258700365918306039e-03 5.606094859158113897e-01
2.247470000000000073e+04 9.581947506662290337e+00 1.210629997337497486e-03 5.516870080579495683e-01
2.283820000000000073e+04 9.581807999710195034e+00 1.164453921476889340e-03 5.429061834995753122e-01
2.320759999999999854e+04 9.581672342294321965e+00 1.120098227981206973e-03 5.342646374463538850e-01
2.358300000000000000e+04 9.581540459534942045e+00 1.077484900660844597e-03 5.257600814145783064e-01
2.396440000000000146e+04 9.581412296493267533e+00 1.036546872537067072e-03 5.173924654904775711e-01
2.435200000000000000e+04 9.581287729985097812e+00 9.972129707968133052e-04 5.091573587385020971e-01
2.474590000000000146e+04 9.581166680332684038e+00 9.594216035457808593e-04 5.010526996391321264e-01
2.514620000000000073e+04 9.581049066331752684e+00 9.231057040789458811e-04 4.930764886941168545e-01
2.555290000000000146e+04 9.580934826674052829e+00 8.882091553127270276e-04 4.852286824587425107e-01
2.596620000000000073e+04 9.580823847407089033e+00 8.546717340554988839e-04 4.775053723686947249e-01
2.638609999999999854e+04 9.580716067916588585e+00 8.224400606290384851e-04 4.699065038031388641e-01
2.681290000000000146e+04 9.580611358156147617e+00 7.914621240578008626e-04 4.624266677606674869e-01
2.724659999999999854e+04 9.580509668828410597e+00 7.616845449372752026e-04 4.550659531831495741e-01
2.768729999999999927e+04 9.580410920040321798e+00 7.330635242342816880e-04 4.478226479288338613e-01
2.813509999999999854e+04 9.580315033240260902e+00 7.055484198128120785e-04 4.406950748353480884e-01
2.859020000000000073e+04 9.580221913910431653e+00 6.790968020266501893e-04 4.336800721925695434e-01
2.905259999999999854e+04 9.580131509990934546e+00 6.536662404084409971e-04 4.267776378017802408e-01
2.952250000000000000e+04 9.580043726666428228e+00 6.292143053119676668e-04 4.199847573884325502e-01
3.000000000000000000e+04 9.579958225419959561e+00 6.057054100569851142e-04 4.133000000000000562e-01
3.000019999999999709e+04 9.579958189938677648e+00 6.058328334031859224e-04 4.132972446850355364e-01
9.999989999999999418e+04 9.577457997230244047e+00 3.677467865519619888e-05 1.239901239901240043e-01
1.000001000000000058e+05 9.577457996184620015e+00 3.664545323549728875e-05 1.239898760101239977e-01
5.000000000000000000e+05 9.577188889896694590e+00 1.301997031693969344e-06 2.479800000000000407e-02
