BetaPara	BetaPerp	DeltaPara	DeltaPerp	Delta	Beta	Energy
7.645444336476301e-07	7.645444336476301e-07	1.4572250458923246e-05	1.4572250458923246e-05	1.4572250458923246e-05	7.645444336476301e-07	270.0
8.257791066545935e-07	8.257791066545935e-07	1.4292782107524733e-05	1.4292782107524733e-05	1.4292782107524733e-05	8.257791066545935e-07	270.5
8.828903397246659e-07	8.828903397246659e-07	1.403907655208199e-05	1.403907655208199e-05	1.403907655208199e-05	8.828903397246659e-07	271.0
9.40211432002227e-07	9.40211432002227e-07	1.3786443116680557e-05	1.3786443116680557e-05	1.3786443116680557e-05	9.40211432002227e-07	271.5
1.0176914844825433e-06	1.0176914844825433e-06	1.3547239071690046e-05	1.3547239071690046e-05	1.3547239071690046e-05	1.0176914844825433e-06	272.0
1.0718164978252967e-06	1.0718164978252967e-06	1.331851573465334e-05	1.331851573465334e-05	1.331851573465334e-05	1.0718164978252967e-06	272.5
1.122983549975359e-06	1.122983549975359e-06	1.3081233490524931e-05	1.3081233490524931e-05	1.3081233490524931e-05	1.122983549975359e-06	273.0
1.1742041793201977e-06	1.1742041793201977e-06	1.2835511590339033e-05	1.2835511590339033e-05	1.2835511590339033e-05	1.1742041793201977e-06	273.5
1.2361028071024457e-06	1.2361028071024457e-06	1.2587646578105211e-05	1.2587646578105211e-05	1.2587646578105211e-05	1.2361028071024457e-06	274.0
1.2950779969185597e-06	1.2950779969185597e-06	1.2340964409369986e-05	1.2340964409369986e-05	1.2340964409369986e-05	1.2950779969185597e-06	274.5
1.3533331619216514e-06	1.3533331619216514e-06	1.2091480702788284e-05	1.2091480702788284e-05	1.2091480702788284e-05	1.3533331619216514e-06	275.0
1.4061093327758379e-06	1.4061093327758379e-06	1.1834420603450583e-05	1.1834420603450583e-05	1.1834420603450583e-05	1.4061093327758379e-06	275.5
1.4648008616187944e-06	1.4648008616187944e-06	1.157076671249144e-05	1.157076671249144e-05	1.157076671249144e-05	1.4648008616187944e-06	276.0
1.5167618515588993e-06	1.5167618515588993e-06	1.1300412754035784e-05	1.1300412754035784e-05	1.1300412754035784e-05	1.5167618515588993e-06	276.5
1.5672270757833762e-06	1.5672270757833762e-06	1.1015565120963346e-05	1.1015565120963346e-05	1.1015565120963346e-05	1.5672270757833762e-06	277.0
1.6216586000341738e-06	1.6216586000341738e-06	1.0715716779418077e-05	1.0715716779418077e-05	1.0715716779418077e-05	1.6216586000341738e-06	277.5
1.6818530444572837e-06	1.6818530444572837e-06	1.0403747426115013e-05	1.0403747426115013e-05	1.0403747426115013e-05	1.6818530444572837e-06	278.0
1.7436876344803255e-06	1.7436876344803255e-06	1.0081382359260492e-05	1.0081382359260492e-05	1.0081382359260492e-05	1.7436876344803255e-06	278.5
1.799743802068624e-06	1.799743802068624e-06	9.744640091090663e-06	9.744640091090663e-06	9.744640091090663e-06	1.799743802068624e-06	279.0
1.8424901935375985e-06	1.8424901935375985e-06	9.376754710461968e-06	9.376754710461968e-06	9.376754710461968e-06	1.8424901935375985e-06	279.5
1.8956931029134673e-06	1.8956931029134673e-06	8.971187067031701e-06	8.971187067031701e-06	8.971187067031701e-06	1.8956931029134673e-06	280.0
1.9063004782459255e-06	1.9063004782459255e-06	8.885760174144683e-06	8.885760174144683e-06	8.885760174144683e-06	1.9063004782459255e-06	280.1
1.9168922422672607e-06	1.9168922422672607e-06	8.798383978338847e-06	8.798383978338847e-06	8.798383978338847e-06	1.9168922422672607e-06	280.2
1.9274684202880327e-06	1.9274684202880327e-06	8.708335504946416e-06	8.708335504946416e-06	8.708335504946416e-06	1.9274684202880327e-06	280.3
1.9396983792166837e-06	1.9396983792166837e-06	8.615274796409399e-06	8.615274796409399e-06	8.615274796409399e-06	1.9396983792166837e-06	280.4
1.955805354229157e-06	1.955805354229157e-06	8.521703629757236e-06	8.521703629757236e-06	8.521703629757236e-06	1.955805354229157e-06	280.5
1.971892854596811e-06	1.971892854596811e-06	8.429059809870647e-06	8.429059809870647e-06	8.429059809870647e-06	1.971892854596811e-06	280.6
1.987960909674168e-06	1.987960909674168e-06	8.337087572577926e-06	8.337087572577926e-06	8.337087572577926e-06	1.987960909674168e-06	280.7
2.0013893911258142e-06	2.0013893911258142e-06	8.245837403953966e-06	8.245837403953966e-06	8.245837403953966e-06	2.0013893911258142e-06	280.8
2.0086888266974336e-06	2.0086888266974336e-06	8.151066070418168e-06	8.151066070418168e-06	8.151066070418168e-06	2.0086888266974336e-06	280.9
2.015975118111715e-06	2.015975118111715e-06	8.050346746260164e-06	8.050346746260164e-06	8.050346746260164e-06	2.015975118111715e-06	281.0
2.02324828787681e-06	2.02324828787681e-06	7.94453210228284e-06	7.94453210228284e-06	7.94453210228284e-06	2.02324828787681e-06	281.1
2.03239504702777e-06	2.03239504702777e-06	7.833472596736057e-06	7.833472596736057e-06	7.833472596736057e-06	2.03239504702777e-06	281.2
2.0459280963647455e-06	2.0459280963647455e-06	7.719946223519799e-06	7.719946223519799e-06	7.719946223519799e-06	2.0459280963647455e-06	281.3
2.059443623611839e-06	2.059443623611839e-06	7.605279567242075e-06	7.605279567242075e-06	7.605279567242075e-06	2.059443623611839e-06	281.4
2.0729416558628637e-06	2.0729416558628637e-06	7.487997786721745e-06	7.487997786721745e-06	7.487997786721745e-06	2.0729416558628637e-06	281.5
2.086422220161146e-06	2.086422220161146e-06	7.3675901971130885e-06	7.3675901971130885e-06	7.3675901971130885e-06	2.086422220161146e-06	281.6
2.0998853434996837e-06	2.0998853434996837e-06	7.243659999249238e-06	7.243659999249238e-06	7.243659999249238e-06	2.0998853434996837e-06	281.7
2.1133310528213024e-06	2.1133310528213024e-06	7.115827220349656e-06	7.115827220349656e-06	7.115827220349656e-06	2.1133310528213024e-06	281.8
2.126759375018654e-06	2.126759375018654e-06	6.98369727024764e-06	6.98369727024764e-06	6.98369727024764e-06	2.126759375018654e-06	281.9
2.140170336934422e-06	2.140170336934422e-06	6.8469456360043355e-06	6.8469456360043355e-06	6.8469456360043355e-06	2.140170336934422e-06	282.0
2.1528152631360406e-06	2.1528152631360406e-06	6.704388260498989e-06	6.704388260498989e-06	6.704388260498989e-06	2.1528152631360406e-06	282.1
2.166184570748937e-06	2.166184570748937e-06	6.554339612336286e-06	6.554339612336286e-06	6.554339612336286e-06	2.166184570748937e-06	282.2
2.1843456812330543e-06	2.1843456812330543e-06	6.399370622306703e-06	6.399370622306703e-06	6.399370622306703e-06	2.1843456812330543e-06	282.3
2.2010410924791743e-06	2.2010410924791743e-06	6.240174155953079e-06	6.240174155953079e-06	6.240174155953079e-06	2.2010410924791743e-06	282.4
2.21888157185549e-06	2.21888157185549e-06	6.076293496730434e-06	6.076293496730434e-06	6.076293496730434e-06	2.21888157185549e-06	282.5
2.2302124246262394e-06	2.2302124246262394e-06	5.905445925138428e-06	5.905445925138428e-06	5.905445925138428e-06	2.2302124246262394e-06	282.6
2.235387043656012e-06	2.235387043656012e-06	5.716643031576414e-06	5.716643031576414e-06	5.716643031576414e-06	2.235387043656012e-06	282.7
2.254417291360481e-06	2.254417291360481e-06	5.512008210237742e-06	5.512008210237742e-06	5.512008210237742e-06	2.254417291360481e-06	282.8
2.2814612934549077e-06	2.2814612934549077e-06	5.30331645411027e-06	5.30331645411027e-06	5.30331645411027e-06	2.2814612934549077e-06	282.9
2.3038337652393303e-06	2.3038337652393303e-06	5.088145482069988e-06	5.088145482069988e-06	5.088145482069988e-06	2.3038337652393303e-06	283.0
2.3213535597774895e-06	2.3213535597774895e-06	4.856074594405083e-06	4.856074594405083e-06	4.856074594405083e-06	2.3213535597774895e-06	283.1
2.343351494022498e-06	2.343351494022498e-06	4.603067621650988e-06	4.603067621650988e-06	4.603067621650988e-06	2.343351494022498e-06	283.2
2.3737513968304357e-06	2.3737513968304357e-06	4.333494115193073e-06	4.333494115193073e-06	4.333494115193073e-06	2.3737513968304357e-06	283.3
2.4029278416467596e-06	2.4029278416467596e-06	4.044778328662462e-06	4.044778328662462e-06	4.044778328662462e-06	2.4029278416467596e-06	283.4
2.4363509821812506e-06	2.4363509821812506e-06	3.729608023761491e-06	3.729608023761491e-06	3.729608023761491e-06	2.4363509821812506e-06	283.5
2.4773631424869335e-06	2.4773631424869335e-06	3.387213926107041e-06	3.387213926107041e-06	3.387213926107041e-06	2.4773631424869335e-06	283.6
2.5188395994442807e-06	2.5188395994442807e-06	3.0088564491938736e-06	3.0088564491938736e-06	3.0088564491938736e-06	2.5188395994442807e-06	283.7
2.5776720132311806e-06	2.5776720132311806e-06	2.5914793725368035e-06	2.5914793725368035e-06	2.5914793725368035e-06	2.5776720132311806e-06	283.8
2.635244576167167e-06	2.635244576167167e-06	2.1253692653554182e-06	2.1253692653554182e-06	2.1253692653554182e-06	2.635244576167167e-06	283.9
2.71077862131847e-06	2.71077862131847e-06	1.5927510615310516e-06	1.5927510615310516e-06	1.5927510615310516e-06	2.71077862131847e-06	284.0
2.8075191179913093e-06	2.8075191179913093e-06	9.863527794104373e-07	9.863527794104373e-07	9.863527794104373e-07	2.8075191179913093e-06	284.1
2.918577695113878e-06	2.918577695113878e-06	2.8488730688522013e-07	2.8488730688522013e-07	2.8488730688522013e-07	2.918577695113878e-06	284.2
3.030578803621606e-06	3.030578803621606e-06	-5.754275002970813e-07	-5.754275002970813e-07	-5.754275002970813e-07	3.030578803621606e-06	284.3
3.207400129807331e-06	3.207400129807331e-06	-1.6645683568295761e-06	-1.6645683568295761e-06	-1.6645683568295761e-06	3.207400129807331e-06	284.4
3.4496355234586406e-06	3.4496355234586406e-06	-3.111930924076915e-06	-3.111930924076915e-06	-3.111930924076915e-06	3.4496355234586406e-06	284.5
3.906185279396095e-06	3.906185279396095e-06	-5.201970245760309e-06	-5.201970245760309e-06	-5.201970245760309e-06	3.906185279396095e-06	284.6
5.031958082026604e-06	5.031958082026604e-06	-8.50459456111129e-06	-8.50459456111129e-06	-8.50459456111129e-06	5.031958082026604e-06	284.7
9.002318541954707e-06	9.002318541954707e-06	-1.2828244510698093e-05	-1.2828244510698093e-05	-1.2828244510698093e-05	9.002318541954707e-06	284.8
1.8832710821861243e-05	1.8832710821861243e-05	-1.382986067936654e-05	-1.382986067936654e-05	-1.382986067936654e-05	1.8832710821861243e-05	284.9
2.8296948703127357e-05	2.8296948703127357e-05	-7.306632107072312e-06	-7.306632107072312e-06	-7.306632107072312e-06	2.8296948703127357e-05	285.0
2.88522768800757e-05	2.88522768800757e-05	1.4610753824355765e-06	1.4610753824355765e-06	1.4610753824355765e-06	2.88522768800757e-05	285.1
2.767887055869127e-05	2.767887055869127e-05	8.177472531853273e-06	8.177472531853273e-06	8.177472531853273e-06	2.767887055869127e-05	285.2
2.3708130585088113e-05	2.3708130585088113e-05	1.2977288762118358e-05	1.2977288762118358e-05	1.2977288762118358e-05	2.3708130585088113e-05	285.3
2.0112342049992778e-05	2.0112342049992778e-05	1.5718871068495882e-05	1.5718871068495882e-05	1.5718871068495882e-05	2.0112342049992778e-05	285.4
1.6112179910780824e-05	1.6112179910780824e-05	1.7335727320386375e-05	1.7335727320386375e-05	1.7335727320386375e-05	1.6112179910780824e-05	285.5
1.2009436372933837e-05	1.2009436372933837e-05	1.7413577569848723e-05	1.7413577569848723e-05	1.7413577569848723e-05	1.2009436372933837e-05	285.6
8.943141337189686e-06	8.943141337189686e-06	1.625743155897793e-05	1.625743155897793e-05	1.625743155897793e-05	8.943141337189686e-06	285.7
6.8831917104961515e-06	6.8831917104961515e-06	1.4615931388789497e-05	1.4615931388789497e-05	1.4615931388789497e-05	6.8831917104961515e-06	285.8
5.722390172892595e-06	5.722390172892595e-06	1.29534982795572e-05	1.29534982795572e-05	1.29534982795572e-05	5.722390172892595e-06	285.9
5.097960641656797e-06	5.097960641656797e-06	1.1549207374650262e-05	1.1549207374650262e-05	1.1549207374650262e-05	5.097960641656797e-06	286.0
4.6811781751765575e-06	4.6811781751765575e-06	1.0409574935840782e-05	1.0409574935840782e-05	1.0409574935840782e-05	4.6811781751765575e-06	286.1
4.295902304579229e-06	4.295902304579229e-06	9.384296190195253e-06	9.384296190195253e-06	9.384296190195253e-06	4.295902304579229e-06	286.2
3.9799200326378264e-06	3.9799200326378264e-06	8.342510937958342e-06	8.342510937958342e-06	8.342510937958342e-06	3.9799200326378264e-06	286.3
3.7807322517554774e-06	3.7807322517554774e-06	7.240840512697694e-06	7.240840512697694e-06	7.240840512697694e-06	3.7807322517554774e-06	286.4
3.750070036730532e-06	3.750070036730532e-06	6.071021291803674e-06	6.071021291803674e-06	6.071021291803674e-06	3.750070036730532e-06	286.5
3.929542737528571e-06	3.929542737528571e-06	4.820900938237978e-06	4.820900938237978e-06	4.820900938237978e-06	3.929542737528571e-06	286.6
4.490414479145818e-06	4.490414479145818e-06	3.583082620084634e-06	3.583082620084634e-06	3.583082620084634e-06	4.490414479145818e-06	286.7
5.377625853197978e-06	5.377625853197978e-06	2.5024111349491566e-06	2.5024111349491566e-06	2.5024111349491566e-06	5.377625853197978e-06	286.8
6.609444535963013e-06	6.609444535963013e-06	1.7300020372872734e-06	1.7300020372872734e-06	1.7300020372872734e-06	6.609444535963013e-06	286.9
7.975248397532983e-06	7.975248397532983e-06	1.3974106682710295e-06	1.3974106682710295e-06	1.3974106682710295e-06	7.975248397532983e-06	287.0
9.265587391939362e-06	9.265587391939362e-06	1.4313768187301438e-06	1.4313768187301438e-06	1.4313768187301438e-06	9.265587391939362e-06	287.1
1.0649068583822358e-05	1.0649068583822358e-05	1.9950789879173903e-06	1.9950789879173903e-06	1.9950789879173903e-06	1.0649068583822358e-05	287.2
1.1308931870147173e-05	1.1308931870147173e-05	2.9404769562721486e-06	2.9404769562721486e-06	2.9404769562721486e-06	1.1308931870147173e-05	287.3
1.1524858377593287e-05	1.1524858377593287e-05	3.7963912658554505e-06	3.7963912658554505e-06	3.7963912658554505e-06	1.1524858377593287e-05	287.4
1.1459688426751501e-05	1.1459688426751501e-05	4.4637289701899454e-06	4.4637289701899454e-06	4.4637289701899454e-06	1.1459688426751501e-05	287.5
1.1255051864541495e-05	1.1255051864541495e-05	4.9276280430896875e-06	4.9276280430896875e-06	4.9276280430896875e-06	1.1255051864541495e-05	287.6
1.0957209567602867e-05	1.0957209567602867e-05	5.182032750197847e-06	5.182032750197847e-06	5.182032750197847e-06	1.0957209567602867e-05	287.7
1.0686083898233442e-05	1.0686083898233442e-05	5.234842811368869e-06	5.234842811368869e-06	5.234842811368869e-06	1.0686083898233442e-05	287.8
1.0512740795968198e-05	1.0512740795968198e-05	5.174825773374536e-06	5.174825773374536e-06	5.174825773374536e-06	1.0512740795968198e-05	287.9
1.035608626258601e-05	1.035608626258601e-05	5.025806499193083e-06	5.025806499193083e-06	5.025806499193083e-06	1.035608626258601e-05	288.0
1.0289641104473084e-05	1.0289641104473084e-05	4.768965065801819e-06	4.768965065801819e-06	4.768965065801819e-06	1.0289641104473084e-05	288.1
1.035546902575265e-05	1.035546902575265e-05	4.457344316930621e-06	4.457344316930621e-06	4.457344316930621e-06	1.035546902575265e-05	288.2
1.0509406549873375e-05	1.0509406549873375e-05	4.083838178500351e-06	4.083838178500351e-06	4.083838178500351e-06	1.0509406549873375e-05	288.3
1.0930559815689055e-05	1.0930559815689055e-05	3.7160064495859982e-06	3.7160064495859982e-06	3.7160064495859982e-06	1.0930559815689055e-05	288.4
1.1537688502052764e-05	1.1537688502052764e-05	3.4876928867890352e-06	3.4876928867890352e-06	3.4876928867890352e-06	1.1537688502052764e-05	288.5
1.2354276619784491e-05	1.2354276619784491e-05	3.5600022775174134e-06	3.5600022775174134e-06	3.5600022775174134e-06	1.2354276619784491e-05	288.6
1.3032645995024937e-05	1.3032645995024937e-05	4.00418079683941e-06	4.00418079683941e-06	4.00418079683941e-06	1.3032645995024937e-05	288.7
1.3403499222882073e-05	1.3403499222882073e-05	4.6552500913191235e-06	4.6552500913191235e-06	4.6552500913191235e-06	1.3403499222882073e-05	288.8
1.3422613336518719e-05	1.3422613336518719e-05	5.299328368282335e-06	5.299328368282335e-06	5.299328368282335e-06	1.3422613336518719e-05	288.9
1.3234430563663706e-05	1.3234430563663706e-05	5.813508268282317e-06	5.813508268282317e-06	5.813508268282317e-06	1.3234430563663706e-05	289.0
1.284916178103687e-05	1.284916178103687e-05	6.098607848298931e-06	6.098607848298931e-06	6.098607848298931e-06	1.284916178103687e-05	289.1
1.2545857348698543e-05	1.2545857348698543e-05	6.169405848694305e-06	6.169405848694305e-06	6.169405848694305e-06	1.2545857348698543e-05	289.2
1.225439997933935e-05	1.225439997933935e-05	6.099709243227672e-06	6.099709243227672e-06	6.099709243227672e-06	1.225439997933935e-05	289.3
1.2088919840727318e-05	1.2088919840727318e-05	5.918220544479551e-06	5.918220544479551e-06	5.918220544479551e-06	1.2088919840727318e-05	289.4
1.200362312868492e-05	1.200362312868492e-05	5.685741800391499e-06	5.685741800391499e-06	5.685741800391499e-06	1.200362312868492e-05	289.5
1.1996497243602672e-05	1.1996497243602672e-05	5.394864866042727e-06	5.394864866042727e-06	5.394864866042727e-06	1.1996497243602672e-05	289.6
1.2111604991742237e-05	1.2111604991742237e-05	5.043333948711177e-06	5.043333948711177e-06	5.043333948711177e-06	1.2111604991742237e-05	289.7
1.2445065185969505e-05	1.2445065185969505e-05	4.720672315608381e-06	4.720672315608381e-06	4.720672315608381e-06	1.2445065185969505e-05	289.8
1.2911454287314112e-05	1.2911454287314112e-05	4.533473334353089e-06	4.533473334353089e-06	4.533473334353089e-06	1.2911454287314112e-05	289.9
1.3445010676641548e-05	1.3445010676641548e-05	4.520695806056364e-06	4.520695806056364e-06	4.520695806056364e-06	1.3445010676641548e-05	290.0
1.3970597422043675e-05	1.3970597422043675e-05	4.724035722636128e-06	4.724035722636128e-06	4.724035722636128e-06	1.3970597422043675e-05	290.1
1.4291486108797352e-05	1.4291486108797352e-05	5.075932538310183e-06	5.075932538310183e-06	5.075932538310183e-06	1.4291486108797352e-05	290.2
1.4393754080311575e-05	1.4393754080311575e-05	5.382208237939857e-06	5.382208237939857e-06	5.382208237939857e-06	1.4393754080311575e-05	290.3
1.4495229937620618e-05	1.4495229937620618e-05	5.613827401633324e-06	5.613827401633324e-06	5.613827401633324e-06	1.4495229937620618e-05	290.4
1.4519906167809324e-05	1.4519906167809324e-05	5.793734278040254e-06	5.793734278040254e-06	5.793734278040254e-06	1.4519906167809324e-05	290.5
1.4578126877689566e-05	1.4578126877689566e-05	5.917071399695007e-06	5.917071399695007e-06	5.917071399695007e-06	1.4578126877689566e-05	290.6
1.4635257089320777e-05	1.4635257089320777e-05	6.024360239077611e-06	6.024360239077611e-06	6.024360239077611e-06	1.4635257089320777e-05	290.7
1.4685569791555009e-05	1.4685569791555009e-05	6.092342031857759e-06	6.092342031857759e-06	6.092342031857759e-06	1.4685569791555009e-05	290.8
1.4813053692949852e-05	1.4813053692949852e-05	6.170714337552592e-06	6.170714337552592e-06	6.170714337552592e-06	1.4813053692949852e-05	290.9
1.4871440026378186e-05	1.4871440026378186e-05	6.2564172458315955e-06	6.2564172458315955e-06	6.2564172458315955e-06	1.4871440026378186e-05	291.0
1.495194699941664e-05	1.495194699941664e-05	6.2849995332072265e-06	6.2849995332072265e-06	6.2849995332072265e-06	1.495194699941664e-05	291.1
1.5133602275382172e-05	1.5133602275382172e-05	6.344109694705866e-06	6.344109694705866e-06	6.344109694705866e-06	1.5133602275382172e-05	291.2
1.5246889869822875e-05	1.5246889869822875e-05	6.43827158534314e-06	6.43827158534314e-06	6.43827158534314e-06	1.5246889869822875e-05	291.3
1.5385898591162098e-05	1.5385898591162098e-05	6.522764791349471e-06	6.522764791349471e-06	6.522764791349471e-06	1.5385898591162098e-05	291.4
1.5519492336416734e-05	1.5519492336416734e-05	6.622696701538269e-06	6.622696701538269e-06	6.622696701538269e-06	1.5519492336416734e-05	291.5
1.5634098259951624e-05	1.5634098259951624e-05	6.705843809206339e-06	6.705843809206339e-06	6.705843809206339e-06	1.5634098259951624e-05	291.6
1.582562800503427e-05	1.582562800503427e-05	6.8300225392030875e-06	6.8300225392030875e-06	6.8300225392030875e-06	1.582562800503427e-05	291.7
1.5878702189314967e-05	1.5878702189314967e-05	6.941223994835857e-06	6.941223994835857e-06	6.941223994835857e-06	1.5878702189314967e-05	291.8
1.6049547154704633e-05	1.6049547154704633e-05	7.005449209573124e-06	7.005449209573124e-06	7.005449209573124e-06	1.6049547154704633e-05	291.9
1.6259143424143965e-05	1.6259143424143965e-05	7.154298628831537e-06	7.154298628831537e-06	7.154298628831537e-06	1.6259143424143965e-05	292.0
1.6360366561007228e-05	1.6360366561007228e-05	7.325887128220564e-06	7.325887128220564e-06	7.325887128220564e-06	1.6360366561007228e-05	292.1
1.6473370340421557e-05	1.6473370340421557e-05	7.449182979282339e-06	7.449182979282339e-06	7.449182979282339e-06	1.6473370340421557e-05	292.2
1.6650196099616924e-05	1.6650196099616924e-05	7.600449589014564e-06	7.600449589014564e-06	7.600449589014564e-06	1.6650196099616924e-05	292.3
1.676410193626762e-05	1.676410193626762e-05	7.775612474739746e-06	7.775612474739746e-06	7.775612474739746e-06	1.676410193626762e-05	292.4
1.6909908897823026e-05	1.6909908897823026e-05	7.959782775547636e-06	7.959782775547636e-06	7.959782775547636e-06	1.6909908897823026e-05	292.5
1.6995533825133368e-05	1.6995533825133368e-05	8.141791319963844e-06	8.141791319963844e-06	8.141791319963844e-06	1.6995533825133368e-05	292.6
1.7144748611661475e-05	1.7144748611661475e-05	8.336766810345661e-06	8.336766810345661e-06	8.336766810345661e-06	1.7144748611661475e-05	292.7
1.7223241858669296e-05	1.7223241858669296e-05	8.558314779030305e-06	8.558314779030305e-06	8.558314779030305e-06	1.7223241858669296e-05	292.8
1.7298131709531942e-05	1.7298131709531942e-05	8.755111183878563e-06	8.755111183878563e-06	8.755111183878563e-06	1.7298131709531942e-05	292.9
1.740042672527051e-05	1.740042672527051e-05	8.96974197496306e-06	8.96974197496306e-06	8.96974197496306e-06	1.740042672527051e-05	293.0
1.7442998925820767e-05	1.7442998925820767e-05	9.175487878244753e-06	9.175487878244753e-06	9.175487878244753e-06	1.7442998925820767e-05	293.1
1.7570373040788753e-05	1.7570373040788753e-05	9.406542004745946e-06	9.406542004745946e-06	9.406542004745946e-06	1.7570373040788753e-05	293.2
1.7592377548647812e-05	1.7592377548647812e-05	9.65952793953132e-06	9.65952793953132e-06	9.65952793953132e-06	1.7592377548647812e-05	293.3
1.767552373773719e-05	1.767552373773719e-05	9.920673806537655e-06	9.920673806537655e-06	9.920673806537655e-06	1.767552373773719e-05	293.4
1.768321197661906e-05	1.768321197661906e-05	1.02328717035589e-05	1.02328717035589e-05	1.02328717035589e-05	1.768321197661906e-05	293.5
1.759828131426438e-05	1.759828131426438e-05	1.0491871124388758e-05	1.0491871124388758e-05	1.0491871124388758e-05	1.759828131426438e-05	293.6
1.7609945586544002e-05	1.7609945586544002e-05	1.076463735298253e-05	1.076463735298253e-05	1.076463735298253e-05	1.7609945586544002e-05	293.7
1.7433790273563488e-05	1.7433790273563488e-05	1.1006667327538354e-05	1.1006667327538354e-05	1.1006667327538354e-05	1.7433790273563488e-05	293.8
1.7397739163827154e-05	1.7397739163827154e-05	1.1198665060102028e-05	1.1198665060102028e-05	1.1198665060102028e-05	1.7397739163827154e-05	293.9
1.7293987915322626e-05	1.7293987915322626e-05	1.1433307722506555e-05	1.1433307722506555e-05	1.1433307722506555e-05	1.7293987915322626e-05	294.0
1.7151214468376363e-05	1.7151214468376363e-05	1.164025318499584e-05	1.164025318499584e-05	1.164025318499584e-05	1.7151214468376363e-05	294.1
1.6987529811521212e-05	1.6987529811521212e-05	1.1809732643944417e-05	1.1809732643944417e-05	1.1809732643944417e-05	1.6987529811521212e-05	294.2
1.680203302793207e-05	1.680203302793207e-05	1.191300467225175e-05	1.191300467225175e-05	1.191300467225175e-05	1.680203302793207e-05	294.3
1.6708468699525544e-05	1.6708468699525544e-05	1.2002678952624294e-05	1.2002678952624294e-05	1.2002678952624294e-05	1.6708468699525544e-05	294.4
1.655657439980753e-05	1.655657439980753e-05	1.2082478922026639e-05	1.2082478922026639e-05	1.2082478922026639e-05	1.655657439980753e-05	294.5
1.6484171077304616e-05	1.6484171077304616e-05	1.2148037449539744e-05	1.2148037449539744e-05	1.2148037449539744e-05	1.6484171077304616e-05	294.6
1.6380117498543836e-05	1.6380117498543836e-05	1.2237152237208711e-05	1.2237152237208711e-05	1.2237152237208711e-05	1.6380117498543836e-05	294.7
1.624127767151748e-05	1.624127767151748e-05	1.2274401989814164e-05	1.2274401989814164e-05	1.2274401989814164e-05	1.624127767151748e-05	294.8
1.619985839434368e-05	1.619985839434368e-05	1.2293013635751937e-05	1.2293013635751937e-05	1.2293013635751937e-05	1.619985839434368e-05	294.9
1.6158460654411036e-05	1.6158460654411036e-05	1.2346449187613754e-05	1.2346449187613754e-05	1.2346449187613754e-05	1.6158460654411036e-05	295.0
1.6117084436474738e-05	1.6117084436474738e-05	1.2411053196224773e-05	1.2411053196224773e-05	1.2411053196224773e-05	1.6117084436474738e-05	295.1
1.607572972530164e-05	1.607572972530164e-05	1.2484056360823367e-05	1.2484056360823367e-05	1.2484056360823367e-05	1.607572972530164e-05	295.2
1.6034396505670148e-05	1.6034396505670148e-05	1.2570282616400848e-05	1.2570282616400848e-05	1.2570282616400848e-05	1.6034396505670148e-05	295.3
1.5975154541711885e-05	1.5975154541711885e-05	1.2671419954059804e-05	1.2671419954059804e-05	1.2671419954059804e-05	1.5975154541711885e-05	295.4
1.5874123150962177e-05	1.5874123150962177e-05	1.2759154964263695e-05	1.2759154964263695e-05	1.2759154964263695e-05	1.5874123150962177e-05	295.5
1.577315362639524e-05	1.577315362639524e-05	1.2817148551951445e-05	1.2817148551951445e-05	1.2817148551951445e-05	1.577315362639524e-05	295.6
1.567224591182796e-05	1.567224591182796e-05	1.2849481748448472e-05	1.2849481748448472e-05	1.2849481748448472e-05	1.567224591182796e-05	295.7
1.559164031389634e-05	1.559164031389634e-05	1.2855097902472846e-05	1.2855097902472846e-05	1.2855097902472846e-05	1.559164031389634e-05	295.8
1.555829428571187e-05	1.555829428571187e-05	1.286550597434581e-05	1.286550597434581e-05	1.286550597434581e-05	1.555829428571187e-05	295.9
1.5524964333005226e-05	1.5524964333005226e-05	1.2897620840518788e-05	1.2897620840518788e-05	1.2897620840518788e-05	1.5524964333005226e-05	296.0
1.5491650446027712e-05	1.5491650446027712e-05	1.2941292752451162e-05	1.2941292752451162e-05	1.2941292752451162e-05	1.5491650446027712e-05	296.1
1.54489333433443e-05	1.54489333433443e-05	1.2994908250775295e-05	1.2994908250775295e-05	1.2994908250775295e-05	1.54489333433443e-05	296.2
1.5384267761806787e-05	1.5384267761806787e-05	1.304240297485067e-05	1.304240297485067e-05	1.304240297485067e-05	1.5384267761806787e-05	296.3
1.5319639393429153e-05	1.5319639393429153e-05	1.307434385366154e-05	1.307434385366154e-05	1.307434385366154e-05	1.5319639393429153e-05	296.4
1.5255048207053352e-05	1.5255048207053352e-05	1.3091605785485941e-05	1.3091605785485941e-05	1.3091605785485941e-05	1.5255048207053352e-05	296.5
1.5203291949563754e-05	1.5203291949563754e-05	1.309292407202888e-05	1.309292407202888e-05	1.309292407202888e-05	1.5203291949563754e-05	296.6
1.5181415602597498e-05	1.5181415602597498e-05	1.3097810950612292e-05	1.3097810950612292e-05	1.3097810950612292e-05	1.5181415602597498e-05	296.7
1.5159547610821628e-05	1.5159547610821628e-05	1.3116593811884837e-05	1.3116593811884837e-05	1.3116593811884837e-05	1.5159547610821628e-05	296.8
1.5137687972244527e-05	1.5137687972244527e-05	1.3142391233949699e-05	1.3142391233949699e-05	1.3142391233949699e-05	1.5137687972244527e-05	296.9
1.5110192281486155e-05	1.5110192281486155e-05	1.3173711043041619e-05	1.3173711043041619e-05	1.3173711043041619e-05	1.5110192281486155e-05	297.0
1.5069542897975352e-05	1.5069542897975352e-05	1.3200250572159646e-05	1.3200250572159646e-05	1.3200250572159646e-05	1.5069542897975352e-05	297.1
1.5028914517403041e-05	1.5028914517403041e-05	1.3215157457563987e-05	1.3215157457563987e-05	1.3215157457563987e-05	1.5028914517403041e-05	297.2
1.4988307124983026e-05	1.4988307124983026e-05	1.3214820905623005e-05	1.3214820905623005e-05	1.3214820905623005e-05	1.4988307124983026e-05	297.3
1.4965879292256597e-05	1.4965879292256597e-05	1.3196688782694556e-05	1.3196688782694556e-05	1.3196688782694556e-05	1.4965879292256597e-05	297.4
1.4985816003400212e-05	1.4985816003400212e-05	1.3188387510911287e-05	1.3188387510911287e-05	1.3188387510911287e-05	1.4985816003400212e-05	297.5
1.5005732998343637e-05	1.5005732998343637e-05	1.32049729557343e-05	1.32049729557343e-05	1.32049729557343e-05	1.5005732998343637e-05	297.6
1.502563030331995e-05	1.502563030331995e-05	1.3238246433315942e-05	1.3238246433315942e-05	1.3238246433315942e-05	1.502563030331995e-05	297.7
1.5034128837047126e-05	1.5034128837047126e-05	1.3287154485210499e-05	1.3287154485210499e-05	1.3287154485210499e-05	1.5034128837047126e-05	297.8
1.501607303473078e-05	1.501607303473078e-05	1.3332843476394162e-05	1.3332843476394162e-05	1.3332843476394162e-05	1.501607303473078e-05	297.9
1.4998023066391487e-05	1.4998023066391487e-05	1.336448566286084e-05	1.336448566286084e-05	1.336448566286084e-05	1.4998023066391487e-05	298.0
1.497997893248003e-05	1.497997893248003e-05	1.3384129027889102e-05	1.3384129027889102e-05	1.3384129027889102e-05	1.497997893248003e-05	298.1
1.4976212539113088e-05	1.4976212539113088e-05	1.339119692230851e-05	1.339119692230851e-05	1.339119692230851e-05	1.4976212539113088e-05	298.2
1.5005732361831154e-05	1.5005732361831154e-05	1.3408683710367531e-05	1.3408683710367531e-05	1.3408683710367531e-05	1.5005732361831154e-05	298.3
1.5035226148769346e-05	1.5035226148769346e-05	1.3450516081490216e-05	1.3450516081490216e-05	1.3450516081490216e-05	1.5035226148769346e-05	298.4
1.5064693932374e-05	1.5064693932374e-05	1.351877597165321e-05	1.351877597165321e-05	1.351877597165321e-05	1.5064693932374e-05	298.5
1.5057036333376413e-05	1.5057036333376413e-05	1.3604339934765684e-05	1.3604339934765684e-05	1.3604339934765684e-05	1.5057036333376413e-05	298.6
1.5012290644994701e-05	1.5012290644994701e-05	1.3672268661251688e-05	1.3672268661251688e-05	1.3672268661251688e-05	1.5012290644994701e-05	298.7
1.496756868990748e-05	1.496756868990748e-05	1.3713656834863305e-05	1.3713656834863305e-05	1.3713656834863305e-05	1.496756868990748e-05	298.8
1.492287045053192e-05	1.492287045053192e-05	1.3733307452508995e-05	1.3733307452508995e-05	1.3733307452508995e-05	1.492287045053192e-05	298.9
1.4895693079623609e-05	1.4895693079623609e-05	1.3730699994166613e-05	1.3730699994166613e-05	1.3730699994166613e-05	1.4895693079623609e-05	299.0
1.4909340770321577e-05	1.4909340770321577e-05	1.373307893152151e-05	1.373307893152151e-05	1.373307893152151e-05	1.4909340770321577e-05	299.1
1.4922973154453695e-05	1.4922973154453695e-05	1.3754597040086719e-05	1.3754597040086719e-05	1.3754597040086719e-05	1.4922973154453695e-05	299.2
1.493659025355849e-05	1.493659025355849e-05	1.3783930524903335e-05	1.3783930524903335e-05	1.3783930524903335e-05	1.493659025355849e-05	299.3
1.4949413052697842e-05	1.4949413052697842e-05	1.3819027580854205e-05	1.3819027580854205e-05	1.3819027580854205e-05	1.4949413052697842e-05	299.4
1.4959106024691405e-05	1.4959106024691405e-05	1.3856825953791538e-05	1.3856825953791538e-05	1.3856825953791538e-05	1.4959106024691405e-05	299.5
1.4968786375264576e-05	1.4968786375264576e-05	1.3894920345767537e-05	1.3894920345767537e-05	1.3894920345767537e-05	1.4968786375264576e-05	299.6
1.497845412320627e-05	1.497845412320627e-05	1.3930542822164908e-05	1.3930542822164908e-05	1.3930542822164908e-05	1.497845412320627e-05	299.7
1.4998572706229984e-05	1.4998572706229984e-05	1.3963298924236389e-05	1.3963298924236389e-05	1.3963298924236389e-05	1.4998572706229984e-05	299.8
1.5043078249468106e-05	1.5043078249468106e-05	1.4012205315661366e-05	1.4012205315661366e-05	1.4012205315661366e-05	1.5043078249468106e-05	299.9
1.5087548004279451e-05	1.5087548004279451e-05	1.410266589803157e-05	1.410266589803157e-05	1.410266589803157e-05	1.5087548004279451e-05	300.0
1.498850867989154e-05	1.498850867989154e-05	1.4441336750200212e-05	1.4441336750200212e-05	1.4441336750200212e-05	1.498850867989154e-05	300.5
1.4960789244301733e-05	1.4960789244301733e-05	1.4738351135554923e-05	1.4738351135554923e-05	1.4738351135554923e-05	1.4960789244301733e-05	301.0
1.4862939982246195e-05	1.4862939982246195e-05	1.5105697482160798e-05	1.5105697482160798e-05	1.5105697482160798e-05	1.4862939982246195e-05	301.5
1.4578554922431379e-05	1.4578554922431379e-05	1.538453472043248e-05	1.538453472043248e-05	1.538453472043248e-05	1.4578554922431379e-05	302.0
1.4452110419601366e-05	1.4452110419601366e-05	1.562982734912303e-05	1.562982734912303e-05	1.562982734912303e-05	1.4452110419601366e-05	302.5
1.410697613422519e-05	1.410697613422519e-05	1.57965075243066e-05	1.57965075243066e-05	1.57965075243066e-05	1.410697613422519e-05	303.0
1.4075011838878793e-05	1.4075011838878793e-05	1.595822169868826e-05	1.595822169868826e-05	1.595822169868826e-05	1.4075011838878793e-05	303.5
1.3819468558019198e-05	1.3819468558019198e-05	1.6211189822813326e-05	1.6211189822813326e-05	1.6211189822813326e-05	1.3819468558019198e-05	304.0
1.3564158484097767e-05	1.3564158484097767e-05	1.6384836214065085e-05	1.6384836214065085e-05	1.6384836214065085e-05	1.3564158484097767e-05	304.5
1.3308128415449314e-05	1.3308128415449314e-05	1.6535942982839766e-05	1.6535942982839766e-05	1.6535942982839766e-05	1.3308128415449314e-05	305.0
1.301946063670511e-05	1.301946063670511e-05	1.665272927944397e-05	1.665272927944397e-05	1.665272927944397e-05	1.301946063670511e-05	305.5
1.2759795644055375e-05	1.2759795644055375e-05	1.676905395776281e-05	1.676905395776281e-05	1.676905395776281e-05	1.2759795644055375e-05	306.0
1.233402876352862e-05	1.233402876352862e-05	1.6767128052967383e-05	1.6767128052967383e-05	1.6767128052967383e-05	1.233402876352862e-05	306.5
1.216765557055007e-05	1.216765557055007e-05	1.6711803046600395e-05	1.6711803046600395e-05	1.6711803046600395e-05	1.216765557055007e-05	307.0
1.1860823614564331e-05	1.1860823614564331e-05	1.6641663000410878e-05	1.6641663000410878e-05	1.6641663000410878e-05	1.1860823614564331e-05	307.5
1.17970291251799e-05	1.17970291251799e-05	1.6587206666955124e-05	1.6587206666955124e-05	1.6587206666955124e-05	1.17970291251799e-05	308.0
1.1538999940495367e-05	1.1538999940495367e-05	1.655695180592844e-05	1.655695180592844e-05	1.655695180592844e-05	1.1538999940495367e-05	308.5
1.1449062735122308e-05	1.1449062735122308e-05	1.6514515762383223e-05	1.6514515762383223e-05	1.6514515762383223e-05	1.1449062735122308e-05	309.0
1.1188031661277833e-05	1.1188031661277833e-05	1.6450682857187557e-05	1.6450682857187557e-05	1.6450682857187557e-05	1.1188031661277833e-05	309.5
1.1109142678698093e-05	1.1109142678698093e-05	1.634033389131224e-05	1.634033389131224e-05	1.634033389131224e-05	1.1109142678698093e-05	310.0
1.087367224986687e-05	1.087367224986687e-05	1.621590235662956e-05	1.621590235662956e-05	1.621590235662956e-05	1.087367224986687e-05	311.0
1.0666705512311455e-05	1.0666705512311455e-05	1.6059993570661282e-05	1.6059993570661282e-05	1.6059993570661282e-05	1.0666705512311455e-05	312.0
1.0530008476068177e-05	1.0530008476068177e-05	1.589736602984622e-05	1.589736602984622e-05	1.589736602984622e-05	1.0530008476068177e-05	313.0
1.0455556347219764e-05	1.0455556347219764e-05	1.5798194753210378e-05	1.5798194753210378e-05	1.5798194753210378e-05	1.0455556347219764e-05	314.0
1.0259527990633676e-05	1.0259527990633676e-05	1.5669783182898842e-05	1.5669783182898842e-05	1.5669783182898842e-05	1.0259527990633676e-05	315.0
1.021170613015843e-05	1.021170613015843e-05	1.54898805938809e-05	1.54898805938809e-05	1.54898805938809e-05	1.021170613015843e-05	316.0
1.0213549482971055e-05	1.0213549482971055e-05	1.5383813292322213e-05	1.5383813292322213e-05	1.5383813292322213e-05	1.0213549482971055e-05	317.0
1.0168745541198992e-05	1.0168745541198992e-05	1.5312249634900965e-05	1.5312249634900965e-05	1.5312249634900965e-05	1.0168745541198992e-05	318.0
1.013015609564314e-05	1.013015609564314e-05	1.5229865289217134e-05	1.5229865289217134e-05	1.5229865289217134e-05	1.013015609564314e-05	319.0
1.0111411723544462e-05	1.0111411723544462e-05	1.5148844902286016e-05	1.5148844902286016e-05	1.5148844902286016e-05	1.0111411723544462e-05	320.0
1.0111852677924533e-05	1.0111852677924533e-05	1.507658628553499e-05	1.507658628553499e-05	1.507658628553499e-05	1.0111852677924533e-05	321.0
1.0157717328258414e-05	1.0157717328258414e-05	1.5065860218917464e-05	1.5065860218917464e-05	1.5065860218917464e-05	1.0157717328258414e-05	322.0
1.0065740937660186e-05	1.0065740937660186e-05	1.502285514063714e-05	1.502285514063714e-05	1.502285514063714e-05	1.0065740937660186e-05	323.0
1.0176305740427777e-05	1.0176305740427777e-05	1.5018768868303012e-05	1.5018768868303012e-05	1.5018768868303012e-05	1.0176305740427777e-05	324.0
1.0059136401020639e-05	1.0059136401020639e-05	1.5039176373796527e-05	1.5039176373796527e-05	1.5039176373796527e-05	1.0059136401020639e-05	325.0
1.0096543904670712e-05	1.0096543904670712e-05	1.5044379566543025e-05	1.5044379566543025e-05	1.5044379566543025e-05	1.0096543904670712e-05	326.0
9.950892598323326e-06	9.950892598323326e-06	1.502118688284119e-05	1.502118688284119e-05	1.502118688284119e-05	9.950892598323326e-06	327.0
1.002625030308265e-05	1.002625030308265e-05	1.499662281863525e-05	1.499662281863525e-05	1.499662281863525e-05	1.002625030308265e-05	328.0
9.933420746379697e-06	9.933420746379697e-06	1.5018308867763028e-05	1.5018308867763028e-05	1.5018308867763028e-05	9.933420746379697e-06	329.0
9.918572064750207e-06	9.918572064750207e-06	1.5004974352055086e-05	1.5004974352055086e-05	1.5004974352055086e-05	9.918572064750207e-06	330.0
9.865294114056255e-06	9.865294114056255e-06	1.500867454214249e-05	1.500867454214249e-05	1.500867454214249e-05	9.865294114056255e-06	331.0
9.820105035296901e-06	9.820105035296901e-06	1.5007088939965665e-05	1.5007088939965665e-05	1.5007088939965665e-05	9.820105035296901e-06	332.0
9.72919933160385e-06	9.72919933160385e-06	1.4953412523033278e-05	1.4953412523033278e-05	1.4953412523033278e-05	9.72919933160385e-06	333.0
9.80860437558711e-06	9.80860437558711e-06	1.4945518158828878e-05	1.4945518158828878e-05	1.4945518158828878e-05	9.80860437558711e-06	334.0
9.72250720172279e-06	9.72250720172279e-06	1.4989700352593742e-05	1.4989700352593742e-05	1.4989700352593742e-05	9.72250720172279e-06	335.0
9.649463440614628e-06	9.649463440614628e-06	1.4951925393142946e-05	1.4951925393142946e-05	1.4951925393142946e-05	9.649463440614628e-06	336.0
9.673195155622387e-06	9.673195155622387e-06	1.4933405115371964e-05	1.4933405115371964e-05	1.4933405115371964e-05	9.673195155622387e-06	337.0
9.635939944572915e-06	9.635939944572915e-06	1.4943611607081114e-05	1.4943611607081114e-05	1.4943611607081114e-05	9.635939944572915e-06	338.0
9.632171827256354e-06	9.632171827256354e-06	1.4942289045253786e-05	1.4942289045253786e-05	1.4942289045253786e-05	9.632171827256354e-06	339.0
9.667246486879885e-06	9.667246486879885e-06	1.500795736746375e-05	1.500795736746375e-05	1.500795736746375e-05	9.667246486879885e-06	340.0
