100	-0.016099129	0.007347207
100.577309	-0.016185859	0.013608791
101.157951	-0.009249806	0.017313087
101.741936	-0.004200937	0.014835249
102.3293	-0.004770326	0.01231872
102.920059	-0.00428162	0.011901554
103.514221	-0.004181316	0.010926161
104.111816	-0.004981338	0.010523148
104.712852	-0.0058585	0.010385768
105.317368	-0.006869446	0.01077596
105.925369	-0.007523469	0.012190477
106.536888	-0.007109086	0.012977936
107.151924	-0.00674412	0.01356222
107.770523	-0.006489929	0.013909406
108.392693	-0.006137493	0.014293938
109.018448	-0.00578338	0.014410839
109.64782	-0.00582108	0.014458577
110.280823	-0.005901752	0.014780173
110.917488	-0.005803881	0.0151982
111.557816	-0.005604861	0.015579864
112.201843	-0.005397088	0.015829092
112.849594	-0.0052551	0.01603647
113.501083	-0.005167895	0.016206881
114.156326	-0.00512046	0.0164317
114.815369	-0.00517419	0.016851842
115.478195	-0.005073765	0.017341875
116.144859	-0.004808788	0.017894501
116.815376	-0.004545288	0.01846599
117.489754	-0.004030117	0.018940959
118.16803	-0.003455937	0.019256106
118.85022	-0.002886126	0.019454092
119.536354	-0.002296457	0.019441262
120.22644	-0.001944033	0.019526806
120.920517	-0.00159935	0.019612741
121.618607	-0.001242158	0.019689033
122.320709	-0.000746256	0.019677788
123.026886	-0.000331189	0.019621158
123.737122	5.20E-05	0.019538026
124.451462	0.000360933	0.019502237
125.16993	0.000698615	0.019357743
125.892548	0.000910122	0.019303473
126.619324	0.001116695	0.019249367
127.350304	0.001363722	0.019177189
128.08551	0.001601599	0.019170694
128.824966	0.001830095	0.019176766
129.568665	0.002076362	0.019180052
130.316681	0.002445795	0.019247407
131.069	0.002833279	0.019279428
131.825668	0.003270567	0.019253466
132.586716	0.00377493	0.019150892
133.352142	0.004309647	0.01896131
134.121994	0.004776114	0.018522613
134.896286	0.005072957	0.018003879
135.675049	0.005235965	0.017448183
136.458313	0.005321235	0.016980596
137.246094	0.005238228	0.016599396
138.038437	0.005145661	0.016364541
138.835327	0.00507391	0.016221881
139.636841	0.005009931	0.016086198
140.442963	0.005027824	0.016025482
141.253754	0.0051336	0.015871652
142.069214	0.005172942	0.015659772
142.889389	0.005117789	0.015480413
143.71431	0.005057368	0.015475309
144.543976	0.005058774	0.015454279
145.378433	0.005129282	0.015447792
146.217712	0.005232403	0.015379183
147.061844	0.005336465	0.015313386
147.910843	0.005462504	0.01522668
148.76474	0.005593521	0.01511696
149.623566	0.005673373	0.014945011
150.48735	0.005603418	0.014813721
151.356125	0.005633574	0.014972729
152.229919	0.006007948	0.01505563
153.108749	0.00638861	0.014742463
153.992645	0.006532898	0.014275833
154.881668	0.006444588	0.013860812
155.775803	0.006241716	0.01369755
156.67511	0.006124422	0.013672979
157.579605	0.006084614	0.013607443
158.489319	0.006072046	0.013703462
159.404297	0.006132767	0.01361262
160.324539	0.006183284	0.013611632
161.250107	0.006243511	0.013648633
162.181015	0.006301538	0.01368572
163.117294	0.006439664	0.013700036
164.05899	0.006626554	0.013678465
165.006104	0.006823041	0.013598334
165.958694	0.007017919	0.013496618
166.916794	7.15E-03	0.013335859
167.880402	7.32E-03	0.01333847
168.849594	7.62E-03	0.01322519
169.824371	7.90E-03	0.013049295
170.804779	8.17E-03	0.012788042
171.790833	8.40E-03	0.012412238
172.782593	8.47E-03	0.012092927
173.78009	8.63E-03	0.011738499
174.783325	8.63E-03	0.01132295
175.792358	8.56E-03	0.010987097
176.80722	8.46E-03	0.010672258
177.827942	8.36E-03	0.010472705
178.854553	0.008244946	0.010228402
179.887085	0.008059569	0.010095832
180.925598	0.008049658	0.009967443
181.970078	0.008068549	0.009824637
183.020615	0.008077553	0.009683874
184.077209	0.00802046	0.009545132
185.139893	0.007963615	0.009408377
186.20871	0.007914032	0.009273312
187.283707	0.007878833	0.009139636
188.364914	0.007843401	0.009007885
189.452347	0.007809072	0.008876189
190.546066	0.007775623	0.008744852
191.646118	0.007741912	0.008615462
192.752487	0.00770735	0.008487996
193.865265	0.007672365	0.008362421
194.984467	0.007637176	0.008238702
196.110123	0.007600962	0.008116804
197.242279	0.007564546	0.007996709
198.380966	0.007527521	0.007878392
199.526245	0.007488301	0.007761824
200.678116	0.007448995	0.007646984
201.836639	0.007408748	0.007535232
203.001862	0.007367109	0.007427259
204.173798	0.007325453	0.007320835
205.352493	0.007285407	0.007217175
206.53801	0.007246372	0.007115784
207.730392	0.007207276	0.007015814
208.929611	0.00716948	0.006917256
210.135788	0.007131903	0.006820081
211.348907	0.007094274	0.006724272
212.569046	0.007057433	0.006629808
213.796204	0.007020507	0.006536671
215.030487	0.006984378	0.006444839
216.271851	0.006950885	0.006354298
217.520401	0.006917242	0.006265027
218.776184	0.006884931	0.006176087
220.039185	0.006854211	0.006087314
221.309479	0.006823292	0.005999816
222.587112	0.006790684	0.005906568
223.872116	0.006757183	0.005811322
225.164551	0.006723558	0.00571761
226.464432	0.006685694	0.005625406
227.771835	0.006647251	0.005534688
229.086777	0.006608597	0.00544543
230.409317	0.006567821	0.005357612
231.739471	0.006527114	0.005271212
233.077316	0.00648602	0.005186204
234.422897	0.006443977	0.005102568
235.77623	0.006402048	0.005020281
237.13739	0.006359687	0.004939322
238.506393	0.006316946	0.004859674
239.883301	0.006274351	0.004781311
241.268158	0.006231474	0.004704209
242.661026	0.006188598	0.004628348
244.06192	0.006145889	0.004553712
245.470901	0.006104242	0.004480273
246.888016	0.006062796	0.00440802
248.313309	0.006021327	0.004336389
249.746841	0.005979085	0.004263024
251.18866	0.005937022	0.0041909
252.638763	0.005894234	0.0041198
254.097275	0.005850113	0.004049568
255.564194	0.005806229	0.003980536
257.039581	0.005761748	0.003912678
258.523499	0.005716929	0.003845974
260.015961	0.005672382	0.003780407
261.517059	0.005627244	0.00371596
263.026794	0.005582172	0.003652614
264.545288	0.005537388	0.003590347
266.07251	0.005492054	0.003529138
267.608582	0.005447031	0.003468972
269.153503	0.005402163	0.003409831
270.707336	0.005357053	0.003351701
272.270142	0.005312267	0.003294561
273.84198	0.005267534	0.003238396
275.422882	0.005222779	0.00318319
277.012909	0.005178358	0.003128925
278.612122	0.00513394	0.003075586
280.220581	0.005089681	0.003023155
281.838287	0.005045764	0.00297162
283.465363	0.005001829	0.00292096
285.101837	0.00495818	0.002871163
286.747742	0.004914855	0.002822216
288.403168	0.004871596	0.002774103
290.068115	0.004828682	0.002726812
291.742706	0.004786117	0.002680327
293.426971	0.004743902	0.002634634
295.120941	0.004702028	0.00258972
296.824707	0.004660387	0.002545175
298.538269	0.004618977	0.002501003
300.261749	0.004577903	0.002457597
301.995178	0.004536726	0.002414511
303.738617	0.004495712	0.002372004
305.492126	0.004455043	0.002330246
307.255737	0.004413966	0.002289224
309.029541	0.004373183	0.002248923
310.813599	0.004332693	0.002209333
312.607971	0.004292164	0.00217044
314.412659	0.004251995	0.002132232
316.227783	0.004212051	0.002094696
318.053375	0.004172219	0.002057818
319.889526	0.004132744	0.00202159
321.736267	0.004093466	0.001986003
323.593658	0.00405442	0.001951044
325.461792	0.00401573	0.0019167
327.340698	0.003977201	0.001882959
329.230469	0.003938971	0.00184981
331.131134	0.003901095	0.001817246
333.042755	0.003863362	0.001785255
334.965454	0.003825978	0.001753827
336.899231	0.003788915	0.001722952
338.844177	0.003752088	0.00169262
340.800323	0.003715608	0.001662824
342.767822	0.003679427	0.001633551
344.746613	0.003643527	0.001604793
346.736847	0.003607966	0.001576542
348.738586	0.00357273	0.001548788
350.751892	0.00353782	0.001521523
352.776794	0.003503241	0.001494739
354.813416	0.003469089	0.001468424
356.861755	0.003435279	0.001442573
358.921967	0.003401815	0.001417177
360.994019	0.003369199	0.00139223
363.078064	0.003336885	0.001367722
365.174164	0.003304916	0.001343152
367.282318	0.00327338	0.001317651
369.402679	0.003242132	0.001292635
371.535248	0.003210656	0.001267869
373.680145	0.003178913	0.001243333
375.837433	0.003147476	0.001219271
378.007141	0.003115749	0.001195677
380.189423	0.003084067	0.001172539
382.384277	0.003052702	0.001149848
384.591797	0.003021297	0.001127597
386.812073	0.002990173	0.001105776
389.045166	0.00295933	0.001084377
391.291138	0.002928522	0.001063392
393.550079	0.002898032	0.001042812
395.822083	0.002867769	0.001022631
398.107208	0.002837639	0.00100284
400.405518	0.002807824	0.000983433
402.717072	0.002778196	0.000964401
405.041992	0.002748775	0.000945737
407.38031	0.002719663	0.000927435
409.732147	0.002690719	0.000909486
412.097534	0.002662037	0.000891886
414.476593	0.002633658	0.000874626
416.869415	0.002605422	0.0008577
419.276001	0.002577482	0.000841101
421.696533	0.002549816	0.000824824
424.131012	0.002522332	0.000808861
426.579529	0.002495144	0.000793208
429.042206	0.002468202	0.000777858
431.519073	0.002441482	0.000762805
434.010254	0.00241505	0.000748044
436.515869	0.002388841	0.000733567
439.035889	0.002362874	0.00071937
441.570465	0.00233719	0.000705449
444.11969	0.002311732	0.000691797
446.683594	0.002286539	0.000678409
449.262329	0.00226162	0.000665281
451.855957	0.002236942	0.000652406
454.464569	0.002212532	0.00063978
457.088226	0.002188397	0.000627379
459.72699	0.002164551	0.000615157
462.381042	0.002140964	0.000603173
465.050415	0.002117577	0.000591282
467.735138	0.002094377	0.000579457
470.435425	0.00207143	0.000567868
473.151306	0.002048584	0.000556512
475.882812	0.002025914	0.000545383
478.630127	0.002003495	0.000534476
481.39328	0.001981193	0.000523787
484.172394	0.00195912	0.000513312
486.96756	0.001937285	0.000503046
489.778839	0.001915609	0.000492986
492.606354	0.001894176	0.000483128
495.450195	0.001872956	0.000473466
498.310486	0.001851914	0.000463997
501.187286	0.001831109	0.000454718
504.080627	0.0018105	0.000445624
506.990723	0.001790088	0.000436712
509.917633	0.001769906	0.000427977
512.861389	0.00174991	0.000419419
515.822144	0.001730125	0.000411032
518.800049	0.001710564	0.000402812
521.795105	0.001691173	0.000394756
524.807495	0.001671998	0.000386861
527.837219	0.001653034	0.000379124
530.88446	0.001634247	0.000371543
533.94928	0.001615675	0.000364113
537.03186	0.001597299	0.000356831
540.132141	0.001579108	0.000349695
543.250366	0.001561124	0.000342701
546.386597	0.001543328	0.000335848
549.540894	0.001525723	0.000329131
552.71344	0.001508319	0.000322549
555.904297	0.001491098	0.000316098
559.113525	0.001474069	0.000309777
562.34137	0.001457234	0.000303581
565.58783	0.001440584	0.00029751
568.852966	0.001424125	0.00029156
572.136963	0.001407861	0.000285729
575.440002	0.001391813	0.000280015
578.762024	0.001375947	0.000274415
582.103271	0.001360261	0.000268866
585.463745	0.001344752	0.000263348
588.843689	0.001329419	0.000257944
592.243103	0.001314202	0.000252595
595.66217	0.001299127	0.000247328
599.100952	0.001284225	0.00024217
602.559631	0.001269413	0.000237119
606.038208	0.001254758	0.000232174
609.536926	0.001240267	0.000227332
613.055847	0.001225889	0.000222591
616.595032	0.001211678	0.000217949
620.154663	0.001197619	0.000213404
623.734863	0.001183694	0.000208954
627.335754	0.001169931	0.000204596
630.957336	0.001156308	0.000200329
634.599915	0.001142823	0.000196151
638.263489	0.001129496	0.000192061
641.948242	0.001116303	0.000188055
645.654236	0.001103255	0.000184134
649.381714	0.001090359	0.000180294
653.130554	0.001077588	0.000176534
656.901184	0.001064963	0.000172852
660.693481	0.001052483	0.000169248
664.507751	0.001040121	0.000165718
668.343994	0.001027905	0.000162261
672.202332	0.001015825	0.000158878
676.083069	0.001003873	0.000155565
679.986084	0.000992061	0.000152321
683.911682	0.000980341	0.000149144
687.859985	0.000968722	0.000146034
691.830994	0.000957241	0.000142988
695.825012	0.000945877	0.000140075
699.842041	0.000934644	0.000137242
703.882263	0.000923544	0.000134466
707.945801	0.000912628	0.000131788
712.032837	0.000901843	0.000129164
716.143494	0.000891189	0.000126592
720.277771	0.000880683	0.000124071
724.435974	0.000870301	0.000121601
728.618225	0.000860043	0.000119179
732.824585	0.000849911	0.000116806
737.055176	0.000839898	0.000114481
741.310303	0.000830008	0.000112201
745.589905	0.000820238	0.000109967
749.894226	0.000810583	0.000107777
754.22345	0.000801049	0.000105631
758.577637	0.000791628	0.000103528
762.95697	0.000782318	0.000101466
767.361572	0.000773126	9.94E-05
771.791565	0.000764042	9.75E-05
776.247192	0.000755068	9.55E-05
780.728455	0.00074621	9.36E-05
785.235718	0.000737455	9.18E-05
789.76886	0.000728825	8.99E-05
794.328308	0.000720317	8.81E-05
798.914001	0.000711909	8.63E-05
803.526184	0.000703572	8.45E-05
808.164978	0.000695319	8.28E-05
812.830566	0.000687164	8.10E-05
817.523071	0.000679075	7.93E-05
822.242737	0.000671079	7.77E-05
826.989563	0.000663175	7.60E-05
831.763855	0.000655352	7.44E-05
836.565674	0.00064762	7.29E-05
841.395203	0.000639976	7.13E-05
846.252625	0.000632414	6.98E-05
851.138123	0.000624941	6.84E-05
856.051758	0.000617554	6.69E-05
860.993774	0.000610252	6.55E-05
865.964417	0.000603035	6.42E-05
870.963684	0.000595902	6.28E-05
875.991821	0.000588852	6.15E-05
881.04895	0.000581885	6.02E-05
886.135315	0.000575012	5.89E-05
891.250977	0.00056822	5.77E-05
896.39624	0.00056151	5.65E-05
901.571167	0.000554889	5.53E-05
906.776062	0.000548346	5.40E-05
912.010864	0.000541864	5.29E-05
917.276001	0.00053543	5.17E-05
922.571472	0.000529073	5.05E-05
927.897522	0.000522776	4.94E-05
933.254333	0.000516544	4.83E-05
938.64209	0.000510386	4.72E-05
944.060974	0.000504285	4.62E-05
949.511047	0.000498253	4.51E-05
954.992676	0.000492293	4.41E-05
960.505859	0.000486392	4.31E-05
966.050903	0.00048056	4.22E-05
971.627991	0.000474796	4.12E-05
977.237305	0.000469092	4.03E-05
982.878967	0.000463456	3.94E-05
988.553162	0.000457883	3.85E-05
994.260132	0.00045237	3.77E-05
1000.00012	0.000446924	3.68E-05
