1.000000000000000000e+02 -6.579742969288392196e+00 3.002816711522496629e+00 1.239900000000000091e+02
1.005773089999999996e+02 -6.691790321768861460e+00 5.626341852154722822e+00 1.232783032602313966e+02
1.011579509999999971e+02 -3.868469885647708661e+00 7.240709230777254035e+00 1.225706914526175098e+02
1.017419359999999955e+02 -1.777267141785527915e+00 6.276266601452630489e+00 1.218671522035908765e+02
1.023293000000000035e+02 -2.041524585029922179e+00 5.271960393503463571e+00 1.211676421122786849e+02
1.029200589999999949e+02 -1.853594455697688659e+00 5.152408319418035454e+00 1.204721423643956655e+02
1.035142210000000063e+02 -1.831131674376920815e+00 4.784914483010088482e+00 1.197806434731320735e+02
1.041118160000000046e+02 -2.206747295871199110e+00 4.661785326161850485e+00 1.190931104304241472e+02
1.047128519999999980e+02 -2.625384756682646259e+00 4.654201074275396977e+00 1.184095339127999438e+02
1.053173680000000019e+02 -3.114069180639689183e+00 4.884976885735190066e+00 1.177298695880816268e+02
1.059253690000000034e+02 -3.450044170567347468e+00 5.590198365977892436e+00 1.170541119380004318e+02
1.065368880000000047e+02 -3.297769747817016484e+00 6.020217610239261496e+00 1.163822243428022887e+02
1.071519239999999940e+02 -3.164694444636339199e+00 6.364104181262469240e+00 1.157142078008790662e+02
1.077705229999999972e+02 -3.080679189754403691e+00 6.602601909211185394e+00 1.150500123303660871e+02
1.083926929999999942e+02 -2.947118312152443131e+00 6.863702562686698094e+00 1.143896295666350937e+02
1.090184480000000065e+02 -2.809236272105190224e+00 6.999963970942266300e+00 1.137330445210520793e+02
1.096478199999999958e+02 -2.860290339596466946e+00 7.104476852647905183e+00 1.130802235739844264e+02
1.102808229999999980e+02 -2.933509514913260841e+00 7.346594388846581225e+00 1.124311522412196780e+02
1.109174880000000059e+02 -2.918267498662570958e+00 7.641854320957559565e+00 1.117857988273228784e+02
1.115578160000000025e+02 -2.850830534036723485e+00 7.924469849892713746e+00 1.111441622342265987e+02
1.122018429999999967e+02 -2.776937011475266281e+00 8.144464465438963074e+00 1.105062062126733622e+02
1.128495939999999962e+02 -2.735190220185297783e+00 8.346710036021184109e+00 1.098719061408408777e+02
1.135010829999999942e+02 -2.720947990267557515e+00 8.533083641493387717e+00 1.092412483852687188e+02
1.141563260000000071e+02 -2.727190606052968924e+00 8.751631275604257354e+00 1.086142173145971697e+02
1.148153690000000040e+02 -2.787718854853546535e+00 9.079333708737577169e+00 1.079907690755233318e+02
1.154781949999999995e+02 -2.765265724119361668e+00 9.451539937198994323e+00 1.073709196788190212e+02
1.161448589999999967e+02 -2.651197989513403908e+00 9.865659512240007700e+00 1.067546175246551456e+02
1.168153760000000005e+02 -2.534941708543123173e+00 1.029862315447122967e+01 1.061418489976867505e+02
1.174897540000000049e+02 -2.273653039228730854e+00 1.068583591897128215e+01 1.055326066986232689e+02
1.181680300000000017e+02 -1.972297190345616791e+00 1.098942595330799676e+01 1.049268571203226657e+02
1.188502199999999931e+02 -1.666179610285474455e+00 1.123097585726255865e+01 1.043245860209598419e+02
1.195363540000000029e+02 -1.341111469297205039e+00 1.135353261385339252e+01 1.037257669746226441e+02
1.202264399999999966e+02 -1.148444880622338848e+00 1.153553483176755456e+01 1.031303929485061843e+02
1.209205170000000038e+02 -9.557626475747249550e-01 1.172046472901951120e+01 1.025384302648987216e+02
1.216186069999999972e+02 -7.509023070200723238e-01 1.190230252729068106e+01 1.019498603531941541e+02
1.223207089999999937e+02 -4.563461213593626997e-01 1.203324627303741501e+01 1.013646838819418718e+02
1.230268860000000046e+02 -2.048719566190083941e-01 1.213755598945227554e+01 1.007828483929927330e+02
1.237371219999999994e+02 3.253942790616905917e-02 1.222608054722801185e+01 1.002043671259785782e+02
1.244514620000000065e+02 2.284720851990698631e-01 1.234499686489307635e+01 9.962920323105565501e+01
1.251699299999999937e+02 4.473469423264764822e-01 1.239542114239137938e+01 9.905733749311836789e+01
1.258925480000000050e+02 5.895304039187205802e-01 1.250380084727555108e+01 9.848875248755788903e+01
1.266193240000000060e+02 7.317135561051162362e-01 1.261313320140456895e+01 9.792344176470251682e+01
1.273503039999999942e+02 9.039249358997215600e-01 1.271134390848123452e+01 9.736136947109289963e+01
1.280855099999999993e+02 1.073891342096345847e+00 1.285418029642773519e+01 9.680251887977024694e+01
1.288249659999999892e+02 1.241310005100678460e+00 1.300714525818305667e+01 9.624687189903859519e+01
1.295686650000000100e+02 1.424654612975410961e+00 1.316001234799531794e+01 9.569443352680990245e+01
1.303166809999999884e+02 1.697565819823676492e+00 1.335914916967078803e+01 9.514514876265151599e+01
1.310689999999999884e+02 1.989279755648420744e+00 1.353632163330237503e+01 9.459902799288926190e+01
1.318256680000000074e+02 2.322894898411348663e+00 1.367462520967659501e+01 9.405603770579793377e+01
1.325867159999999956e+02 2.712161075648664710e+00 1.375927602534389038e+01 9.351615587190501344e+01
1.333521419999999864e+02 3.132191014273393304e+00 1.378081425250194236e+01 9.297938386321534665e+01
1.341219940000000008e+02 3.511407526244771482e+00 1.361785809424131166e+01 9.244568791603262525e+01
1.348962860000000035e+02 3.772834153926494682e+00 1.338975465283068544e+01 9.191505835824123949e+01
1.356750490000000013e+02 3.939156699646733539e+00 1.312673536991026957e+01 9.138747390465286458e+01
1.364583130000000040e+02 4.049663923117804210e+00 1.292288482170746100e+01 9.086291430262662061e+01
1.372460939999999994e+02 4.032653734546817859e+00 1.277905739700935328e+01 9.034136884070450435e+01
1.380384369999999876e+02 4.007262440567489925e+00 1.274413734337080228e+01 8.982280783141584379e+01
1.388353270000000066e+02 3.997139293067297761e+00 1.277931968690060138e+01 8.930724094451839790e+01
1.396368410000000040e+02 3.992439312536857354e+00 1.281917241663643203e+01 8.879461831996042065e+01
1.404429629999999918e+02 4.053093121315017200e+00 1.291866438840293796e+01 8.828495023990629420e+01
1.412537539999999865e+02 4.186282881819989754e+00 1.294281305006311378e+01 8.777819809305741217e+01
1.420692139999999881e+02 4.267210950722299501e+00 1.291790059973888027e+01 8.727436191770584628e+01
1.428893889999999942e+02 4.270599876991726163e+00 1.291781467613868095e+01 8.677341324484214624e+01
1.437143100000000118e+02 4.269048932857518963e+00 1.306308960947480458e+01 8.627533333319416897e+01
1.445439759999999865e+02 4.319682427275125747e+00 1.319639450635806099e+01 8.578012272195974219e+01
1.453784330000000011e+02 4.430605596018012626e+00 1.334359734585119384e+01 8.528775378944963848e+01
1.462177120000000059e+02 4.572015583499800861e+00 1.343815916654264342e+01 8.479820830461360970e+01
1.470618440000000078e+02 4.716938656061626212e+00 1.353560875571992028e+01 8.431146830989008834e+01
1.479108429999999998e+02 4.884255125469972647e+00 1.361481654455376678e+01 8.382752574806163182e+01
1.487647399999999891e+02 5.059316355658240560e+00 1.367322710969198063e+01 8.334636285453127869e+01
1.496235660000000109e+02 5.190962459645932725e+00 1.367422714141931372e+01 8.286796212302546394e+01
1.504873499999999922e+02 5.186322971356300826e+00 1.371104949042945798e+01 8.239230739327923914e+01
1.513561249999999916e+02 5.274612414793240944e+00 1.401869262154624884e+01 8.191938053382379792e+01
1.522299189999999953e+02 5.690268324844377723e+00 1.425953994601430708e+01 8.144916637576349672e+01
1.531087489999999889e+02 6.120866979126017959e+00 1.412461473899441167e+01 8.098165572497755704e+01
1.539926450000000102e+02 6.331584145460904978e+00 1.383591751869501252e+01 8.051683247599260085e+01
1.548816679999999906e+02 6.318321794503560795e+00 1.358924271793891059e+01 8.005466470053772809e+01
1.557758029999999962e+02 6.190283653881467174e+00 1.358468085751163557e+01 7.959516023165677723e+01
1.566751099999999894e+02 6.144289538023701702e+00 1.371733394976991605e+01 7.913828814289647084e+01
1.575796049999999866e+02 6.175037448845585253e+00 1.380966321085145587e+01 7.868404036169529547e+01
1.584893189999999947e+02 6.233638311175460522e+00 1.406814535313749204e+01 7.823240126358294333e+01
1.594042970000000139e+02 6.368879939336527407e+00 1.413670899934910175e+01 7.778334858815003372e+01
1.603245389999999873e+02 6.495696756468171351e+00 1.429936484118121776e+01 7.733688228475119786e+01
1.612501070000000141e+02 6.634916360609913966e+00 1.450426505081201611e+01 7.689297223226029132e+01
1.621810150000000021e+02 6.774123905544580992e+00 1.471208505234588593e+01 7.645161179932189555e+01
1.631172939999999869e+02 7.002768550678079684e+00 1.489801039991488807e+01 7.601278623467111117e+01
1.640589899999999943e+02 7.289443210755524483e+00 1.504679412977047903e+01 7.557647404753620890e+01
1.650061039999999934e+02 7.592495613871771631e+00 1.513185854386092366e+01 7.514267472189999353e+01
1.659586940000000084e+02 7.899778542709289475e+00 1.519257963443920723e+01 7.471136161146218058e+01
1.669167940000000101e+02 8.141654323449063924e+00 1.518544812367232311e+01 7.428251946895170477e+01
1.678804020000000037e+02 8.431748234914930862e+00 1.536429246980406482e+01 7.385614909356721114e+01
1.688495939999999962e+02 8.878948993270078915e+00 1.541020832497447479e+01 7.343221684027265894e+01
1.698243710000000135e+02 9.311800632504848352e+00 1.538132068794207008e+01 7.301072235386050124e+01
1.708047789999999964e+02 9.741562931397242053e+00 1.524792116430245059e+01 7.259164569394162925e+01
1.717908329999999921e+02 1.013178127154725772e+01 1.497120006028419148e+01 7.217498037278858192e+01
1.727825929999999914e+02 1.033451103425796980e+01 1.475495720401134925e+01 7.176070103311855064e+01
1.737800900000000013e+02 1.065166206842019569e+01 1.448835742045056740e+01 7.134879490510104461e+01
1.747833249999999907e+02 1.077500146546232074e+01 1.413728885786287215e+01 7.093926151135985947e+01
1.757923580000000072e+02 1.081135918828559639e+01 1.387680515228213629e+01 7.053207625783142021e+01
1.768072200000000009e+02 1.080878560737819249e+01 1.363524215941214734e+01 7.012722670488230392e+01
1.778279420000000073e+02 1.080470292974790425e+01 1.353522325309635477e+01 6.972470051978670824e+01
1.788545530000000099e+02 1.077939445108047067e+01 1.337255329049097163e+01 6.932448624889073585e+01
1.798870850000000132e+02 1.065904595595704762e+01 1.335207096702339236e+01 6.892657135446938810e+01
1.809255980000000079e+02 1.076921409747693126e+01 1.333491779046982728e+01 6.853093280918712082e+01
1.819700780000000009e+02 1.091947986035661522e+01 1.329606176486186619e+01 6.813757589310920082e+01
1.830206149999999923e+02 1.105824952423311558e+01 1.325731877627215027e+01 6.774646670267172510e+01
1.840772090000000105e+02 1.110723261790242589e+01 1.321869337825813240e+01 6.735760536221516759e+01
1.851398930000000007e+02 1.115621360769826431e+01 1.318017803645145847e+01 6.697097961485805229e+01
1.862087099999999964e+02 1.121513054668699105e+01 1.314139299413485418e+01 6.658657374297905562e+01
1.872837069999999926e+02 1.129453713274978455e+01 1.310193504314873891e+01 6.620437089062959046e+01
1.883649139999999989e+02 1.137394151752780225e+01 1.306259327893804212e+01 6.582436047511481547e+01
1.894523470000000032e+02 1.145528648920054593e+01 1.302066211289772824e+01 6.544653680115138172e+01
1.905460659999999962e+02 1.153829710597979918e+01 1.297654226855155457e+01 6.507087897579582148e+01
1.916461180000000013e+02 1.162130319821580215e+01 1.293257997439220652e+01 6.469737101588461314e+01
1.927524870000000021e+02 1.170338818362417221e+01 1.288877656899572699e+01 6.432601826818452651e+01
1.938652649999999937e+02 1.178516887593280771e+01 1.284513232838204644e+01 6.395678978387387303e+01
1.949844669999999951e+02 1.186695727471833806e+01 1.280163304251945178e+01 6.358968071031011959e+01
1.961101229999999873e+02 1.194744758373211901e+01 1.275826537975419406e+01 6.322468116548986927e+01
1.972422789999999964e+02 1.202788979524673607e+01 1.271504391362782727e+01 6.286177620164285429e+01
1.983809660000000008e+02 1.210761284695656315e+01 1.267196998753770387e+01 6.250095586287245197e+01
1.995262449999999887e+02 1.218400027511777139e+01 1.262904172140191861e+01 6.214220089191775998e+01
2.006781159999999886e+02 1.226038932823798788e+01 1.258626177448187811e+01 6.178551128116033198e+01
2.018366389999999910e+02 1.233534733382974835e+01 1.254593947060807047e+01 6.143086835685963365e+01
2.030018619999999885e+02 1.240805433830476900e+01 1.250936198401070598e+01 6.107825749893861911e+01
2.041737980000000050e+02 1.248076050851435248e+01 1.247289257843162424e+01 6.072767476265490671e+01
2.053524930000000097e+02 1.255626075963260924e+01 1.243866420200017409e+01 6.037910628141241887e+01
2.065380100000000141e+02 1.263360080852759459e+01 1.240592871794433449e+01 6.003253347894656144e+01
2.077303919999999948e+02 1.271094335036188561e+01 1.237327588268797030e+01 5.968794397692178677e+01
2.089296109999999942e+02 1.279069659491867128e+01 1.234071686724570682e+01 5.934534573943183489e+01
2.101357879999999909e+02 1.287099204776791694e+01 1.230824484238401162e+01 5.900470413921117085e+01
2.113489069999999970e+02 1.295133445808259509e+01 1.227585735469478045e+01 5.866602376136253838e+01
2.125690459999999860e+02 1.303326900415840761e+01 1.224355528560050921e+01 5.832928280630285656e+01
2.137962039999999888e+02 1.311520263368452355e+01 1.221133526606116071e+01 5.799448151100008175e+01
2.150304869999999937e+02 1.319879735491925032e+01 1.217919819718813024e+01 5.766159102825266558e+01
2.162718509999999981e+02 1.328760306557224169e+01 1.214714235444257184e+01 5.733062320717827021e+01
2.175204009999999926e+02 1.337640804944962625e+01 1.211516925283505230e+01 5.700154993737805853e+01
2.187761840000000007e+02 1.346809671132415964e+01 1.208147721648218109e+01 5.667435903352259174e+01
2.200391850000000034e+02 1.356325957429248419e+01 1.204570736036936829e+01 5.634905437411069329e+01
2.213094790000000103e+02 1.365842232048990113e+01 1.201004160062803017e+01 5.602561650782251945e+01
2.225871119999999905e+02 1.375055093195236644e+01 1.196029208796050902e+01 5.570403375376019994e+01
2.238721160000000054e+02 1.384115198281937076e+01 1.190368693923219645e+01 5.538429806059455984e+01
2.251645509999999888e+02 1.393175216031344377e+01 1.184734711432990473e+01 5.506639453205936263e+01
2.264644319999999880e+02 1.401370749889457734e+01 1.179126568558575272e+01 5.475031946738550914e+01
2.277718350000000100e+02 1.409446734073720364e+01 1.173544962529173574e+01 5.443605439627774700e+01
2.290867770000000121e+02 1.417476480852899101e+01 1.167989053218225237e+01 5.412359526975230040e+01
2.304093169999999873e+02 1.425042869619047892e+01 1.162459631403694793e+01 5.381292805967564874e+01
2.317394710000000089e+02 1.432609308953663785e+01 1.156956563140809280e+01 5.350404894986577631e+01
2.330773159999999962e+02 1.440074129641756429e+01 1.151479368155601257e+01 5.319694002311233305e+01
2.344228970000000061e+02 1.447306749110683022e+01 1.146028470336905158e+01 5.289159104624494745e+01
2.357762299999999982e+02 1.454539476785729413e+01 1.140603272430531412e+01 5.258799837456049175e+01
2.371373900000000106e+02 1.461646534994839186e+01 1.135204120348026713e+01 5.228614517516617610e+01
2.385063930000000028e+02 1.468634620482513853e+01 1.129831643433193733e+01 5.198602789653526202e+01
2.398833009999999888e+02 1.475622917982991211e+01 1.124484761787182840e+01 5.168763289613060863e+01
2.412681579999999997e+02 1.482509048450627631e+01 1.119162562228917146e+01 5.139095064504948596e+01
2.426610259999999926e+02 1.489357236881071778e+01 1.113865141766201994e+01 5.109596792028729340e+01
2.440619199999999864e+02 1.496205709182503973e+01 1.108593059909295242e+01 5.080268154901019528e+01
2.454709009999999978e+02 1.503274617101591737e+01 1.103344310167519282e+01 5.051107870419231460e+01
2.468880159999999933e+02 1.510356688465721930e+01 1.098120815856359478e+01 5.022114965677395304e+01
2.483133090000000038e+02 1.517395375215690656e+01 1.092785130875003752e+01 4.993288539358960065e+01
2.497468409999999892e+02 1.524197633848659628e+01 1.086736698648714139e+01 4.964627360391718014e+01
2.511886599999999987e+02 1.531000261410599173e+01 1.080721781988626695e+01 4.936130476590783189e+01
2.526387630000000115e+02 1.537566450123113349e+01 1.074688629806214379e+01 4.907797937563523760e+01
2.540972749999999962e+02 1.543728131745347376e+01 1.068600220716376370e+01 4.879627300214061592e+01
2.555641939999999863e+02 1.549889450385742506e+01 1.062546922155612705e+01 4.851618611330194142e+01
2.570395809999999983e+02 1.555825256375220533e+01 1.056527160240900187e+01 4.823770701680376760e+01
2.585234990000000153e+02 1.561598551684498304e+01 1.050540846006000351e+01 4.796082386305626244e+01
2.600159610000000043e+02 1.567371819854138337e+01 1.044588216974689487e+01 4.768553419687955142e+01
2.615170590000000175e+02 1.572904454085015225e+01 1.038670090581064898e+01 4.741182103917741131e+01
2.630267939999999953e+02 1.578373370896937189e+01 1.032785924863179616e+01 4.713968417985584125e+01
2.645452880000000278e+02 1.583840939073078147e+01 1.026935183895043657e+01 4.686910167154441353e+01
2.660725100000000225e+02 1.589063895075530652e+01 1.021116284825143516e+01 4.660007905363841729e+01
2.676085820000000126e+02 1.594286868101474219e+01 1.015330462670711320e+01 4.633259481939933266e+01
2.691535030000000006e+02 1.599463395052697123e+01 1.009577065300683074e+01 4.606664918643098616e+01
2.707073359999999980e+02 1.604473474055315663e+01 1.003857036222093591e+01 4.580223123321638212e+01
2.722701420000000212e+02 1.609483315753904975e+01 9.981691361208879343e+00 4.553933056677217195e+01
2.738419799999999782e+02 1.614410406716695334e+01 9.925138031324943100e+00 4.527793729799938660e+01
2.754228820000000155e+02 1.619228854667151651e+01 9.868909057587792688e+00 4.501804610409966045e+01
2.770129089999999792e+02 1.624047158202307628e+01 9.812998163661443840e+00 4.475964692316920690e+01
2.786121219999999994e+02 1.628760967688035421e+01 9.757407428929386839e+00 4.450272985609721843e+01
2.802205809999999815e+02 1.633417371974666210e+01 9.702128473615678317e+00 4.424728531984594326e+01
2.818382869999999798e+02 1.638073797181250413e+01 9.647167123115046650e+00 4.399331308737340862e+01
2.834653630000000248e+02 1.642613498832271901e+01 9.592507711777257029e+00 4.374079382672231731e+01
2.851018369999999891e+02 1.647133760376689438e+01 9.538156155775739720e+00 4.348972328789309216e+01
2.867477420000000166e+02 1.651647146739006899e+01 9.484115002133679084e+00 4.324009637711462517e+01
2.884031679999999938e+02 1.656066861368454113e+01 9.430379794060947063e+00 4.299189945097968035e+01
2.900681149999999775e+02 1.660485696854872018e+01 9.376952808265746953e+00 4.274513246655877197e+01
2.917427059999999983e+02 1.664906592938226737e+01 9.323829930464169635e+00 4.249977718380387159e+01
2.934269709999999804e+02 1.669330460551063311e+01 9.271006839103103303e+00 4.225582930479830424e+01
2.951209410000000162e+02 1.673754714393134080e+01 9.218482022987076974e+00 4.201328430977048356e+01
2.968247069999999894e+02 1.678141687522067116e+01 9.164827447890008472e+00 4.177212916443644275e+01
2.985382690000000139e+02 1.682489523853625002e+01 9.110050443261542341e+00 4.153236381229235263e+01
3.002617490000000089e+02 1.686837140370196408e+01 9.055600120103843409e+00 4.129397114782009481e+01
3.019951780000000099e+02 1.691021447714131654e+01 8.999860001996365710e+00 4.105694694237800491e+01
3.037386169999999765e+02 1.695137973388472119e+01 8.943798120140591834e+00 4.082128285979521110e+01
3.054921259999999847e+02 1.699254740953415421e+01 8.888088314944956991e+00 4.058697080788262923e+01
3.072557370000000105e+02 1.703081899450526038e+01 8.832727660765241851e+00 4.035400647376683736e+01
3.090295409999999947e+02 1.706884730220168578e+01 8.777707971838662360e+00 4.012237781500636657e+01
3.108135990000000106e+02 1.710663110743909598e+01 8.723037756077280491e+00 3.989207692292768570e+01
3.126079710000000205e+02 1.714284708639902632e+01 8.668709077799428897e+00 3.966309611471807273e+01
3.144126590000000192e+02 1.717905778042787190e+01 8.614717733505631969e+00 3.943543507260628900e+01
3.162277829999999881e+02 1.721473002070118241e+01 8.561061135167330249e+00 3.920907860268558665e+01
3.180533750000000168e+02 1.724938683100648618e+01 8.507726634150342804e+00 3.898402272888944964e+01
3.198895259999999894e+02 1.728403325392490686e+01 8.454728573993948615e+00 3.876025625171610045e+01
3.217362669999999980e+02 1.731800150099627089e+01 8.402073679122558758e+00 3.853777541342580548e+01
3.235936580000000049e+02 1.735143056872090028e+01 8.349752739607511742e+00 3.831657294099380096e+01
3.254617920000000026e+02 1.738485513428720708e+01 8.297757029453745048e+00 3.809663777676244223e+01
3.273406979999999749e+02 1.741743091356119066e+01 8.246077655006187612e+00 3.787796652159641297e+01
3.292304690000000278e+02 1.744975658233549609e+01 8.194712330598530770e+00 3.766054836194398803e+01
3.311311339999999745e+02 1.748208017482978960e+01 8.143672550755297834e+00 3.744437996579326011e+01
3.330427549999999997e+02 1.751345912422253193e+01 8.092948698261743345e+00 3.722945421827296997e+01
3.349654540000000225e+02 1.754482558789079505e+01 8.042542018363343814e+00 3.701575745181173005e+01
3.368992309999999861e+02 1.757605691191017172e+01 7.992447022033868365e+00 3.680328970534219479e+01
3.388441770000000020e+02 1.760676701679479095e+01 7.942661789373596015e+00 3.659204094866296231e+01
3.408003229999999917e+02 1.763747588806183586e+01 7.893194924246727417e+00 3.638200777174733247e+01
3.427678220000000238e+02 1.766797715845665095e+01 7.844031626439122995e+00 3.617317380509539504e+01
3.447466130000000248e+02 1.769817791842163146e+01 7.795169909880621972e+00 3.596554551211791306e+01
3.467368470000000116e+02 1.772837689445936959e+01 7.746617004136060025e+00 3.575910696332772432e+01
3.487385859999999980e+02 1.775851922356227774e+01 7.698365527544082987e+00 3.555385178971850735e+01
3.507518919999999980e+02 1.778862278429793164e+01 7.650417122587734653e+00 3.534977367990933317e+01
3.527767939999999953e+02 1.781872320107178354e+01 7.602771404778271069e+00 3.514686966626268827e+01
3.548134160000000179e+02 1.784933562499243820e+01 7.555410891964403852e+00 3.494512732855626069e+01
3.568617550000000165e+02 1.788004373707436301e+01 7.508347454143483368e+00 3.474454694647791086e+01
3.589219669999999951e+02 1.791089625972660571e+01 7.461578665703624047e+00 3.454511325577350789e+01
3.609940189999999802e+02 1.794457696492808552e+01 7.415109166268252672e+00 3.434682944151493444e+01
3.630780639999999835e+02 1.797826634489798536e+01 7.368929526122884432e+00 3.414968082456229581e+01
3.651741640000000189e+02 1.801221247762535072e+01 7.320349205168133366e+00 3.395366162870163862e+01
3.672823179999999752e+02 1.804691672470816499e+01 7.264521036124261144e+00 3.375877191016857637e+01
3.694026789999999778e+02 1.808161935781088303e+01 7.209124748339633904e+00 3.356499750777389579e+01
3.715352480000000241e+02 1.811341631215310954e+01 7.152880603301396967e+00 3.337233833598474320e+01
3.736801449999999818e+02 1.814200307959190539e+01 7.095680540788074531e+00 3.318078352811600951e+01
3.758374329999999759e+02 1.817059053710674732e+01 7.038933448505621193e+00 3.299032749619701121e+01
3.780071409999999901e+02 1.819571061401606471e+01 6.982652543524810795e+00 3.280096764097903872e+01
3.801894229999999766e+02 1.821924658022344090e+01 6.926820061279022944e+00 3.261269054294548653e+01
3.823842769999999973e+02 1.824277965700225934e+01 6.871428558386877050e+00 3.242549640711299475e+01
3.845917969999999855e+02 1.826417255437457854e+01 6.816485165078146835e+00 3.223937717007521542e+01
3.868120729999999980e+02 1.828533432418531390e+01 6.761977934942339452e+00 3.205432525370013508e+01
3.890451659999999947e+02 1.830627541817904103e+01 6.707904836276703975e+00 3.187033558977571346e+01
3.912911379999999895e+02 1.832546752998078077e+01 6.654262992609011107e+00 3.168740305076881469e+01
3.935500789999999824e+02 1.834466278183709065e+01 6.601043219968964593e+00 3.150552029237428187e+01
3.958220830000000205e+02 1.836330104437535482e+01 6.548254378337520443e+00 3.132467978043559498e+01
3.981072080000000142e+02 1.838077311927228052e+01 6.495884259742346956e+00 3.114487693475773611e+01
4.004055179999999723e+02 1.839825093650659227e+01 6.443939190362886649e+00 3.096610671584201668e+01
4.027170719999999733e+02 1.841490621143766404e+01 6.392404986983168946e+00 3.078836449228057859e+01
4.050419919999999934e+02 1.843087022254564999e+01 6.341281447793891246e+00 3.061164087895360808e+01
4.073803100000000086e+02 1.844682848903154238e+01 6.290571434668547290e+00 3.043593344018026059e+01
4.097321469999999977e+02 1.846183956625261757e+01 6.240259432424132946e+00 3.026123307820414254e+01
4.120975339999999960e+02 1.847654088077753087e+01 6.190360291758961964e+00 3.008753748087218938e+01
4.144765929999999798e+02 1.849123615414355370e+01 6.140856524481901779e+00 2.991483767576713859e+01
4.168694150000000036e+02 1.850481254525994856e+01 6.091749328926161944e+00 2.974312711331916859e+01
4.192760010000000079e+02 1.851834617350803214e+01 6.043029392594703175e+00 2.957240569559811405e+01
4.216965329999999881e+02 1.853170811681344077e+01 5.994706133988700003e+00 2.940266051464075403e+01
4.241310119999999984e+02 1.854423215393653379e+01 5.946761236928866268e+00 2.923389153161004828e+01
4.265795289999999795e+02 1.855676140679821273e+01 5.899207260969145494e+00 2.906609238625701153e+01
4.290422060000000215e+02 1.856894723632503741e+01 5.852034865603917169e+00 2.889925472740087287e+01
4.315190729999999917e+02 1.858061426419838469e+01 5.805238565675210793e+00 2.873337651983693419e+01
4.340102539999999749e+02 1.859228018885136891e+01 5.758822236222493451e+00 2.856844944497555971e+01
4.365158690000000092e+02 1.860346603913691865e+01 5.712765634854538810e+00 2.840446563467317986e+01
4.390358889999999974e+02 1.861431924935496340e+01 5.667074434950183814e+00 2.824142697819403480e+01
4.415704650000000129e+02 1.862518531402131927e+01 5.621758759275466311e+00 2.807932364769913036e+01
4.441196899999999914e+02 1.863563042506097744e+01 5.576802683514312520e+00 2.791814972220664259e+01
4.466835940000000278e+02 1.864597790286197565e+01 5.532203571906138428e+00 2.775790328220561776e+01
4.492623290000000225e+02 1.865632904113903479e+01 5.487969349766103733e+00 2.759857481841082816e+01
4.518559569999999894e+02 1.866643130452613164e+01 5.444080258522874693e+00 2.744016053770870656e+01
4.544645689999999831e+02 1.867652913894795930e+01 5.400541014781310878e+00 2.728265489933055932e+01
4.570882260000000201e+02 1.868670494143874095e+01 5.357184395452422976e+00 2.712605421606287592e+01
4.597269900000000007e+02 1.869710530328021747e+01 5.313644819202664848e+00 2.697035473162017638e+01
4.623810419999999795e+02 1.870750852535457653e+01 5.270459493837214460e+00 2.681554578096218933e+01
4.650504149999999868e+02 1.871741338607110805e+01 5.226383560901397551e+00 2.666162549279738059e+01
4.677351380000000063e+02 1.872670642349729420e+01 5.181168970075813895e+00 2.650859213403805015e+01
4.704354250000000093e+02 1.873599861722652093e+01 5.136342556961707828e+00 2.635643351050784844e+01
4.731513059999999768e+02 1.874391953130303179e+01 5.091915267425944691e+00 2.620514799973943454e+01
4.758828120000000013e+02 1.875113637170282743e+01 5.047870249086781946e+00 2.605473382804168381e+01
4.786301270000000159e+02 1.875836034002638897e+01 5.004201857801462872e+00 2.590518084959578715e+01
4.813932800000000043e+02 1.876434374107727621e+01 4.960909570701917737e+00 2.575648750227672679e+01
4.841723939999999970e+02 1.877014527582418069e+01 4.917994207513507909e+00 2.560864715471572595e+01
4.869675599999999918e+02 1.877587245013962658e+01 4.875445550114175575e+00 2.546165498169939667e+01
4.897788390000000049e+02 1.878077250239357099e+01 4.833271253614385365e+00 2.531550776124895208e+01
4.926063540000000103e+02 1.878567898657053448e+01 4.791470020433079569e+00 2.517019908354653523e+01
4.954501950000000079e+02 1.879031802796562900e+01 4.750019069016449436e+00 2.502572433138309904e+01
4.983104860000000258e+02 1.879435455515459807e+01 4.708924998962191744e+00 2.488207723567751373e+01
5.011872859999999719e+02 1.879839783056970148e+01 4.668192808140308792e+00 2.473925485811306402e+01
5.040806269999999927e+02 1.880204514488614720e+01 4.627805890994059368e+00 2.459725554975553763e+01
5.069907230000000027e+02 1.880532982287956045e+01 4.587770655749537241e+00 2.445606879477359286e+01
5.099176330000000235e+02 1.880861471439519761e+01 4.548068936781227478e+00 2.431569178546136101e+01
5.128613890000000310e+02 1.881144988026881393e+01 4.508734447675861290e+00 2.417612295629453456e+01
5.158221439999999802e+02 1.881412367434275268e+01 4.469738823560407859e+00 2.403735501514258743e+01
5.188000489999999445e+02 1.881680537578052181e+01 4.431073614918181747e+00 2.389938093471537428e+01
5.217951050000000350e+02 1.881891523188148696e+01 4.392737881503907538e+00 2.376220068220072790e+01
5.248074950000000172e+02 1.882098547265742283e+01 4.354733235887676912e+00 2.362580587763900297e+01
5.278372190000000046e+02 1.882297887362079081e+01 4.317057630080572750e+00 2.349019651075419901e+01
5.308844599999999900e+02 1.882453558120417725e+01 4.279722969323086268e+00 2.335536436685300643e+01
5.339492800000000443e+02 1.882610878202045512e+01 4.242704100111602372e+00 2.322130671287730053e+01
5.370318600000000515e+02 1.882750931041342213e+01 4.205999612310614033e+00 2.308801567191935078e+01
5.401321410000000469e+02 1.882861712613418703e+01 4.169615546196646427e+00 2.295549377425402682e+01
5.432503659999999854e+02 1.882972615200067779e+01 4.133538387736518160e+00 2.282373059643737179e+01
5.463865970000000516e+02 1.883063037638845927e+01 4.097787087805905060e+00 2.269272355522293338e+01
5.495408939999999802e+02 1.883138547475578761e+01 4.062331584889162350e+00 2.256247011892076415e+01
5.527134399999999914e+02 1.883214548258016663e+01 4.027191657242765288e+00 2.243296273019885234e+01
5.559042970000000423e+02 1.883270910048713276e+01 3.992347707022464220e+00 2.230419888263608641e+01
5.591135249999999814e+02 1.883321036004875637e+01 3.957817039571976725e+00 2.217617611736364580e+01
5.623413699999999835e+02 1.883371148562807562e+01 3.923568189129854833e+00 2.204888464812752602e+01
5.655878300000000536e+02 1.883411627445836700e+01 3.889629436960363673e+00 2.192232460164498065e+01
5.688529660000000376e+02 1.883452675631914630e+01 3.855977966170392346e+00 2.179649354241039561e+01
5.721369630000000370e+02 1.883503100624552928e+01 3.822617839675598983e+00 2.167138430453059428e+01
5.754400020000000495e+02 1.883595024528706574e+01 3.789552625197535551e+00 2.154699005440362214e+01
5.787620239999999967e+02 1.883685121745330804e+01 3.756768630504990547e+00 2.142331301267272181e+01
5.821032709999999497e+02 1.883774329394439917e+01 3.723424172618089223e+00 2.130034414460454428e+01
5.854637450000000172e+02 1.883860586691839956e+01 3.689237255524606685e+00 2.117808336705802574e+01
5.888436890000000403e+02 1.883946125959980478e+01 3.655375765764000917e+00 2.105652184377915859e+01
5.922431030000000192e+02 1.883947064685531814e+01 3.621023319126297935e+00 2.093565959180110880e+01
5.956621699999999464e+02 1.883901517044472129e+01 3.586574633639167953e+00 2.081549009566950303e+01
5.991009520000000066e+02 1.883855935505221524e+01 3.552441292618501389e+00 2.069601117909757448e+01
6.025596309999999676e+02 1.883690531212396735e+01 3.518624868900447122e+00 2.057721653112204763e+01
6.060382080000000542e+02 1.883503937208283929e+01 3.485139310667046075e+00 2.045910610309243083e+01
6.095369259999999940e+02 1.883309850026012455e+01 3.451971187059830637e+00 2.034167163811828161e+01
6.130558469999999716e+02 1.883032319757790773e+01 3.419119080823846524e+00 2.022491109199061299e+01
6.165950319999999465e+02 1.882755016564500039e+01 3.386581031472191583e+00 2.010882241425520078e+01
6.201546630000000278e+02 1.882457815850288796e+01 3.354355832144571892e+00 1.999339961425074463e+01
6.237348630000000185e+02 1.882114466832142696e+01 3.322440988147643104e+00 1.987863872217128147e+01
6.273357539999999517e+02 1.881771459746934738e+01 3.290817266816451703e+00 1.976453585012787428e+01
6.309573360000000548e+02 1.881395353167625828e+01 3.259495304924962866e+00 1.965109095743994772e+01
6.345999150000000100e+02 1.880985898778976662e+01 3.228472519641230942e+00 1.953829445438863743e+01
6.382634890000000496e+02 1.880577559322595604e+01 3.197759059094118506e+00 1.942614643276266051e+01
6.419482420000000502e+02 1.880133414581571571e+01 3.167316483778484848e+00 1.931464125732429338e+01
6.456542359999999690e+02 1.879673687808155336e+01 3.137188001240572621e+00 1.920377705072472097e+01
6.493817139999999881e+02 1.879213705868670914e+01 3.107333968774377730e+00 1.909354657313310355e+01
6.531305539999999610e+02 1.878708051447884131e+01 3.077761140197373901e+00 1.898395339808280013e+01
6.569011839999999438e+02 1.878197062548765217e+01 3.048463830721623413e+00 1.887498500839968330e+01
6.606934810000000198e+02 1.877680436729677282e+01 3.019465953897824129e+00 1.876664498222890742e+01
6.645077509999999847e+02 1.877113422957528144e+01 2.990723985244751582e+00 1.865892456685580569e+01
6.683439939999999524e+02 1.876547777970577613e+01 2.962243777404370615e+00 1.855182377834011476e+01
6.722023319999999558e+02 1.875968210813312353e+01 2.934069129993822411e+00 1.844533916314946964e+01
6.760830690000000232e+02 1.875363427314858455e+01 2.906153582875881103e+00 1.833946236568157673e+01
6.799860840000000053e+02 1.874756962264108751e+01 2.878500971704676559e+00 1.823419668688396200e+01
6.839116820000000416e+02 1.874061154058348322e+01 2.851099533334608083e+00 1.812953386574847414e+01
6.878599850000000515e+02 1.873293399796170888e+01 2.823973527449918475e+00 1.802547069226595511e+01
6.918309940000000324e+02 1.872526054067082057e+01 2.797088250701170509e+00 1.792200711955960912e+01
6.958250120000000152e+02 1.871721741935066774e+01 2.771834213132938984e+00 1.781913525120594599e+01
6.998420409999999947e+02 1.870909699516976943e+01 2.747221284051563739e+00 1.771685505243889835e+01
7.038822629999999663e+02 1.870097212144781196e+01 2.722820913007502952e+00 1.761516186976287202e+01
7.079458009999999604e+02 1.869391905306457247e+01 2.699494431647148751e+00 1.751405260471345215e+01
7.120328369999999722e+02 1.868691164496659951e+01 2.676381871024630321e+00 1.741352274178894532e+01
7.161434940000000324e+02 1.867998259825555607e+01 2.653462236493457027e+00 1.731356928308560583e+01
7.202777710000000297e+02 1.867351975046654289e+01 2.630733497705910029e+00 1.721419221751881423e+01
7.244359739999999874e+02 1.866706533821241365e+01 2.608216941255919075e+00 1.711538416782157412e+01
7.286182250000000522e+02 1.866065028622936239e+01 2.585867962953630084e+00 1.701714227639584465e+01
7.328245849999999564e+02 1.865434738284243821e+01 2.563726908347220057e+00 1.691946511319622459e+01
7.370551759999999604e+02 1.864803588487431085e+01 2.541791736777913702e+00 1.682234981007717778e+01
7.413103029999999762e+02 1.864184527119326518e+01 2.520016290533531489e+00 1.672578938917027713e+01
7.455899050000000443e+02 1.863573268415183293e+01 2.498440228419220421e+00 1.662978524367225575e+01
7.498942260000000033e+02 1.862962268036811508e+01 2.477037938893406732e+00 1.653433186989227721e+01
7.542234499999999571e+02 1.862368825565251029e+01 2.455828312790890866e+00 1.643942521278011526e+01
7.585776369999999815e+02 1.861777451672886485e+01 2.434806449706056419e+00 1.634506396607629242e+01
7.629569699999999557e+02 1.861186788031400852e+01 2.413943928612074519e+00 1.625124415601053229e+01
7.673615720000000238e+02 1.860616725491225765e+01 2.392175434713460724e+00 1.615796314595748484e+01
7.717915649999999914e+02 1.860046651061448486e+01 2.373620147563762384e+00 1.606521833391636278e+01
7.762471920000000409e+02 1.859485079042823585e+01 2.351852085488852495e+00 1.597300464051147273e+01
7.807284550000000536e+02 1.858949661358575156e+01 2.331752298993080341e+00 1.588132201483549011e+01
7.852357180000000199e+02 1.858412701863491989e+01 2.313392492166553183e+00 1.579016302465242916e+01
7.897688600000000179e+02 1.857932027668297437e+01 2.291744784926147638e+00 1.569953011315234725e+01
7.943283079999999927e+02 1.857506289882127604e+01 2.271865083548152420e+00 1.560941474088822289e+01
7.989140009999999847e+02 1.857082066921055485e+01 2.251217253543459140e+00 1.551981813371675045e+01
8.035261839999999438e+02 1.856586391094664990e+01 2.229786717599608448e+00 1.543073548428385955e+01
8.081649780000000192e+02 1.856054386239469167e+01 2.210227293956127159e+00 1.534216445593117584e+01
8.128305659999999762e+02 1.855525814243373617e+01 2.187215729486895022e+00 1.525410155405007373e+01
8.175230709999999590e+02 1.854916335021616547e+01 2.166106326506117785e+00 1.516654445584447686e+01
8.222427370000000337e+02 1.854301241214285767e+01 2.146978320620225755e+00 1.507948862551035418e+01
8.269895629999999755e+02 1.853679946139218160e+01 2.124321271256917054e+00 1.499293407648483445e+01
8.317638550000000350e+02 1.853024942356583793e+01 2.103679483870192435e+00 1.490687522121287678e+01
8.365656739999999445e+02 1.852366345216619692e+01 2.085134902663468459e+00 1.482131096858750929e+01
8.413952030000000377e+02 1.851698604745249810e+01 2.062985338799209423e+00 1.473623804342036436e+01
8.462526249999999663e+02 1.851007086984959571e+01 2.042970185219653345e+00 1.465165322234598833e+01
8.511381229999999505e+02 1.850314929081181958e+01 2.025175834985267986e+00 1.456755333235144079e+01
8.560517579999999498e+02 1.849615832949369576e+01 2.003700068727801042e+00 1.448393731351930924e+01
8.609937740000000304e+02 1.848910044295737265e+01 1.984485227436711297e+00 1.440080099812661452e+01
8.659644170000000258e+02 1.848200832340258870e+01 1.967622002640719403e+00 1.431814027989096871e+01
8.709636839999999438e+02 1.847487400073081432e+01 1.947001498981199896e+00 1.423595521578601364e+01
8.759918209999999590e+02 1.846769975721388235e+01 1.928775880983089053e+00 1.415424174377080391e+01
8.810489499999999907e+02 1.846051388165595242e+01 1.909866959408969667e+00 1.407299787372767597e+01
8.861353149999999914e+02 1.845370382292464839e+01 1.890261690486915169e+00 1.399221968712532416e+01
8.912509770000000344e+02 1.844688762060317799e+01 1.873192453114644662e+00 1.391190620821052981e+01
8.963962400000000343e+02 1.844013498321316291e+01 1.855474749428405179e+00 1.383205266456717908e+01
9.015711669999999458e+02 1.843370751046699141e+01 1.837095392643978808e+00 1.375265808605878171e+01
9.067760620000000245e+02 1.842728367088121288e+01 1.814681457013610943e+00 1.367371782251569812e+01
9.120108639999999696e+02 1.842030727090721953e+01 1.798300412337766829e+00 1.359523278661294654e+01
9.172760009999999511e+02 1.841235379970000352e+01 1.777858340855928976e+00 1.351719655423537070e+01
9.225714719999999716e+02 1.840442228436743122e+01 1.756701486109771837e+00 1.343960915366349163e+01
9.278975219999999808e+02 1.839594996350338718e+01 1.738335210868646286e+00 1.336246698156394075e+01
9.332543329999999742e+02 1.838712801031276101e+01 1.719308099403161094e+00 1.328576740720045635e+01
9.386420900000000529e+02 1.837830060470676941e+01 1.699607333551781174e+00 1.320950779013116794e+01
9.440609739999999874e+02 1.836888048522224182e+01 1.682862425845043308e+00 1.313368557908421863e+01
9.495110469999999623e+02 1.835931673547619525e+01 1.661816757289923618e+00 1.305829988937453834e+01
9.549926759999999604e+02 1.834975587180594658e+01 1.643785781936046853e+00 1.298334564400366276e+01
9.605058589999999867e+02 1.833973298338263547e+01 1.625114088191811579e+00 1.290882287059531741e+01
9.660509029999999484e+02 1.832965069992530971e+01 1.609603919462393673e+00 1.283472740566342907e+01
9.716279909999999518e+02 1.831950079946825838e+01 1.589658364725254902e+00 1.276105681891579202e+01
9.772373049999999921e+02 1.830900104696665665e+01 1.572938234275485625e+00 1.268780872011430461e+01
9.828789669999999887e+02 1.829848525576031548e+01 1.555617618667050284e+00 1.261498151480944507e+01
9.885531620000000430e+02 1.828778583489464182e+01 1.537684855396342920e+00 1.254257279893258747e+01
9.942601319999999987e+02 1.827680991263598997e+01 1.523168498588272524e+00 1.247057948009928019e+01
1.000000120000000038e+03 1.826586862283729573e+01 1.504022977777905057e+00 1.239899851212017801e+01
