100	0.013727864	0.013109923
100.577309	0.013475379	0.01620784
101.157951	0.016882893	0.017974917
101.741936	0.019305171	0.016520375
102.3293	0.018798953	0.015048587
102.920059	0.018842721	0.014674735
103.514221	0.018685252	0.014012553
104.111816	0.018060034	0.013651699
104.712852	0.017393811	0.013432097
105.317368	0.016659871	0.013490358
105.925369	0.016113522	0.014085545
106.536888	0.016124794	0.01435627
107.151924	0.016112363	0.014523556
107.770523	0.016043261	0.01456965
108.392693	0.016026467	0.014637658
109.018448	0.016012598	0.014568472
109.64782	0.015795266	0.01446557
110.280823	0.015557068	0.014507836
110.917488	0.01541402	0.014602671
111.557816	0.015324478	0.014680782
112.201843	0.015241385	0.014692007
112.849594	0.015125825	0.014683548
113.501083	0.014982602	0.014657916
114.156326	0.014820614	0.01466274
114.815369	0.014607446	0.014771486
115.478195	0.014475926	0.014918699
116.144859	0.014432173	0.015100524
116.815376	0.014389059	0.01529411
117.489754	0.014478713	0.015439239
118.16803	0.01460105	0.015502866
118.85022	0.014722327	0.015507206
119.536354	0.014855634	0.015403376
120.22644	0.01486706	0.015352619
120.920517	0.014875534	0.015303799
121.618607	0.014892352	0.015251649
122.320709	0.014983213	0.015155505
123.026886	0.015033128	0.01503732
123.737122	0.015068217	0.014906919
124.451462	0.015066094	0.01480279
125.16993	0.015080321	0.01464352
125.892548	0.01503049	0.014532832
126.619324	0.01497945	0.014423708
127.350304	0.014950998	0.014306616
128.08551	0.014919487	0.014225221
128.824966	0.014884268	0.01415181
129.568665	0.014859907	0.014078339
130.316681	0.014901432	0.014039646
131.069	0.01495341	0.013983863
131.825668	0.015033015	0.01389915
132.586716	0.015148944	0.013775768
133.352142	0.015281453	0.013608282
134.121994	0.015379983	0.013312097
134.896286	0.015391614	0.012976122
135.675049	0.015334986	0.012622878
136.458313	0.015239381	0.012316713
137.246094	0.015057798	0.012056703
138.038437	0.014872868	0.011874106
138.835327	0.014700314	0.011740662
139.636841	0.014533319	0.011611899
140.442963	0.014410512	0.011523265
141.253754	0.014335	0.01138707
142.069214	0.014226233	0.011221596
142.889389	0.014069607	0.011074059
143.71431	0.013911622	0.011018363
144.543976	0.013787231	0.010955292
145.378433	0.013700272	0.010900727
146.217712	0.013631651	0.010814665
147.061844	0.013564837	0.01073096
147.910843	0.013510832	0.010637223
148.76474	0.013460695	0.010532339
149.623566	0.013385166	0.010395839
150.48735	0.0132328	0.010281376
151.356125	0.013133875	0.010319138
152.229919	0.013215764	0.010318002
153.108749	0.013302187	0.010111065
153.992645	0.013266521	0.009824863
154.881668	0.01311076	0.009566338
155.775803	0.012896454	0.009439867
156.67511	0.012727973	0.009386462
157.579605	0.012601103	0.009312407
158.489319	0.012489618	0.009323327
159.404297	0.012417522	0.009237474
160.324539	0.012341264	0.00919917
161.250107	0.012271224	0.009181345
162.181015	0.012201169	0.009164221
163.117294	0.01217401	0.009135863
164.05899	0.01217345	0.009089432
165.006104	0.012178986	0.009013077
165.958694	0.012184785	0.008926072
166.916794	0.012160835	0.008808865
167.880402	0.012154005	0.008777462
168.849594	0.012217263	0.00868619
169.824371	0.012270766	0.008562828
170.804779	0.012321582	0.008395502
171.790833	0.01235377	0.008168977
172.782593	0.012303804	0.007972457
173.78009	0.012300194	0.007758151
174.783325	0.012214312	0.007512481
175.792358	0.012092663	0.007308891
176.80722	0.011956964	0.007116763
177.827942	0.011822308	0.006985267
178.854553	0.011680414	0.006830915
179.887085	0.011504402	0.006734758
180.925598	0.011422661	0.006639929
181.970078	0.01135674	0.006538108
183.020615	0.01128507	0.006435779
184.077209	0.011178388	0.00633308
185.139893	0.01107267	0.006232081
186.20871	0.010970142	0.006132619
187.283707	0.010875408	0.006034519
188.364914	0.010781404	0.005938044
189.452347	0.010687832	0.005842198
190.546066	0.010595499	0.005747133
191.646118	0.010503769	0.005653666
192.752487	0.010411797	0.005561777
193.865265	0.010320449	0.005471432
194.984467	0.010229624	0.005382596
196.110123	0.010138724	0.005295243
197.242279	0.010048548	0.00520935
198.380966	0.009958609	0.005124894
199.526245	0.009868138	0.005041849
200.678116	0.009778436	0.004960191
201.836639	0.009688739	0.004880621
203.001862	0.009599028	0.004803487
204.173798	0.009510104	0.004727618
205.352493	0.009422467	0.004653639
206.53801	0.009336136	0.004581279
207.730392	0.009250483	0.004510085
208.929611	0.009166039	0.004440045
210.135788	0.009082467	0.004371133
211.348907	0.008999511	0.004303335
212.569046	0.00891756	0.004236631
213.796204	0.008836308	0.004171001
215.030487	0.008756043	0.004106422
216.271851	0.008677795	0.004042882
217.520401	0.008600187	0.003980362
218.776184	0.008523793	0.003918363
220.039185	0.008448902	0.003856794
221.309479	0.008374596	0.003796224
222.587112	0.008299896	0.003732983
223.872116	0.008225422	0.00366902
225.164551	0.008151501	0.00360617
226.464432	0.008075883	0.003544412
227.771835	0.008000631	0.003483727
229.086777	0.007925819	0.003424097
230.409317	0.007850436	0.003365505
231.739471	0.007775742	0.003307933
233.077316	0.007701317	0.003251361
234.422897	0.007626964	0.003195773
235.77623	0.007553306	0.00314115
237.13739	0.007479329	0.003087699
238.506393	0.007405718	0.003035195
239.883301	0.007332844	0.002983702
241.268158	0.007260661	0.002933848
242.661026	0.007189089	0.002884831
244.06192	0.007118347	0.002836638
245.470901	0.007049031	0.002789252
246.888016	0.006980397	0.002742663
248.313309	0.006912354	0.002696573
249.746841	0.006844497	0.00264975
251.18866	0.006777288	0.002603743
252.638763	0.006710269	0.002558437
254.097275	0.006643101	0.002513745
255.564194	0.006576591	0.002469837
257.039581	0.006510297	0.002426696
258.523499	0.006444348	0.00238431
260.015961	0.006379055	0.002342667
261.517059	0.006313951	0.002301753
263.026794	0.006249387	0.002261559
264.545288	0.006185456	0.002222067
266.07251	0.006121713	0.002183265
267.608582	0.006058617	0.002145143
269.153503	0.005996073	0.002107687
270.707336	0.00593387	0.002070889
272.270142	0.005872305	0.002034735
273.84198	0.005811205	0.001999191
275.422882	0.005750546	0.001964266
277.012909	0.005690513	0.001929951
278.612122	0.005630866	0.001896205
280.220581	0.005571744	0.00186305
281.838287	0.005513221	0.001830474
283.465363	0.005455061	0.001798453
285.101837	0.00539748	0.001766993
286.747742	0.005340454	0.001736085
288.403168	0.005283839	0.001705717
290.068115	0.005227821	0.001675884
291.742706	0.005172341	0.001646573
293.426971	0.005117425	0.001617777
295.120941	0.00506309	0.001589486
296.824707	0.005009204	0.001561485
298.538269	0.004955824	0.001533774
300.261749	0.004903002	0.001506556
301.995178	0.004850439	0.001479596
303.738617	0.004798345	0.001453028
305.492126	0.004746782	0.001426937
307.255737	0.004695324	0.001401318
309.029541	0.004644389	0.001376159
310.813599	0.004593927	0.001351453
312.607971	0.004543766	0.001327191
314.412659	0.004494153	0.001303367
316.227783	0.004444946	0.00127997
318.053375	0.004396126	0.001256993
319.889526	0.00434784	0.00123443
321.736267	0.004299913	0.001212273
323.593658	0.004252444	0.001190516
325.461792	0.00420548	0.00116915
327.340698	0.004158854	0.001148169
329.230469	0.004112713	0.001127563
331.131134	0.004067047	0.001107329
333.042755	0.004021718	0.001087458
334.965454	0.003976891	0.001067945
336.899231	0.003932487	0.001048783
338.844177	0.003888477	0.001029965
340.800323	0.003844959	0.001011486
342.767822	0.003801818	0.000993339
344.746613	0.003759107	0.000975518
346.736847	0.003716875	0.000958017
348.738586	0.003674995	0.000940831
350.751892	0.003633583	0.000923954
352.776794	0.003592609	0.000907381
354.813416	0.003552054	0.000891105
356.861755	0.003511967	0.000875122
358.921967	0.00347229	0.000859426
360.994019	0.003433267	0.000844013
363.078064	0.003394683	0.000828876
365.174164	0.003356467	0.000813754
367.282318	0.003318706	0.000798193
369.402679	0.003281369	0.00078293
371.535248	0.003244058	0.000767842
373.680145	0.003206858	0.000752916
375.837433	0.003170073	0.000738281
378.007141	0.00313326	0.000723931
380.189423	0.003096733	0.00070986
382.384277	0.003060586	0.00069606
384.591797	0.003024563	0.000682523
386.812073	0.002988943	0.000669248
389.045166	0.002953629	0.000656223
391.291138	0.002918496	0.000643443
393.550079	0.00288378	0.000630911
395.822083	0.002849278	0.000618622
398.107208	0.002815036	0.000606572
400.405518	0.002781204	0.000594756
402.717072	0.00274751	0.00058317
405.041992	0.002714152	0.00057181
407.38031	0.002681165	0.000560671
409.732147	0.002648297	0.000549747
412.097534	0.002615807	0.000539037
414.476593	0.002583621	0.000528536
416.869415	0.002551577	0.00051824
419.276001	0.002519926	0.000508144
421.696533	0.002488486	0.000498246
424.131012	0.002457251	0.00048854
426.579529	0.002426405	0.000479023
429.042206	0.002395666	0.000469692
431.519073	0.002365207	0.000460543
434.010254	0.002335131	0.000451572
436.515869	0.002305037	0.000442775
439.035889	0.002275302	0.000434149
441.570465	0.002245859	0.000425692
444.11969	0.002216434	0.000417399
446.683594	0.002187382	0.000409269
449.262329	0.002158502	0.000401297
451.855957	0.002129701	0.000393481
454.464569	0.002101277	0.000385818
457.088226	0.002072873	0.000378294
459.72699	0.002044652	0.000370885
462.381042	0.002016805	0.000363621
465.050415	0.00198873	0.000356426
467.735138	0.001960894	0.000349286
470.435425	0.001933388	0.000342289
473.151306	0.001905406	0.000335432
475.882812	0.001877773	0.000328712
478.630127	0.001850247	0.000322127
481.39328	0.001822291	0.000315674
484.172394	0.001794722	0.00030935
486.96756	0.001766907	0.000303153
489.778839	0.00173877	0.000297081
492.606354	0.001711046	0.00029113
495.450195	0.001682482	0.000285298
498.310486	0.001653776	0.000279584
501.187286	0.001625506	0.000273983
504.080627	0.001595351	0.000268495
506.990723	0.001565418	0.000263116
509.917633	0.001535488	0.000257844
512.861389	0.001502525	0.000252679
515.822144	0.001470108	0.000247617
518.800049	0.001435838	0.000242657
521.795105	0.001397351	0.000237796
524.807495	0.001359555	0.000233033
527.837219	0.00131284	0.000228365
530.88446	0.001259042	0.000223791
533.94928	0.001206305	0.000219308
537.03186	0.000979579	0.000214915
540.132141	0.000702226	0.00021061
543.250366	0.000503408	0.000715629
546.386597	0.000798322	0.000701453
549.540894	0.000998938	0.000687558
552.71344	0.001164688	0.000673938
555.904297	0.001192582	0.000660587
559.113525	0.001219684	0.000647501
562.34137	0.001239744	0.000634681
565.58783	0.001249687	0.000622124
568.852966	0.001259239	0.000609816
572.136963	0.001264446	0.000597815
575.440002	0.001266853	0.000586091
578.762024	0.00126904	0.000574597
582.103271	0.001268136	0.000563318
585.463745	0.001266464	0.000552225
588.843689	0.001264592	0.00054135
592.243103	0.001260456	0.000530677
595.66217	0.001256232	0.000520198
599.100952	0.00125157	0.000509926
602.559631	0.001245684	0.000499855
606.038208	0.001239763	0.000489984
609.536926	0.001233321	0.000480307
613.055847	0.001226262	0.000470821
616.595032	0.001219204	0.000461523
620.154663	0.001211612	0.0004524
623.734863	0.001203763	0.000443455
627.335754	0.001195935	0.000434686
630.957336	0.001187619	0.00042599
634.599915	0.00117926	0.000417455
638.263489	0.001170883	0.000409075
641.948242	0.001162032	0.000400719
645.654236	0.001153225	0.000392534
649.381714	0.001144279	0.000384484
653.130554	0.001134956	0.000376531
656.901184	0.001125695	0.000368742
660.693481	0.001116222	0.000361114
664.507751	0.001106556	0.000353644
668.343994	0.001096965	0.000346328
672.202332	0.001087119	0.000339351
676.083069	0.001077232	0.000332581
679.986084	0.001067429	0.000325947
683.911682	0.001057582	0.000319621
687.859985	0.001047796	0.000313427
691.830994	0.0010381	0.00030736
695.825012	0.001028498	0.000301478
699.842041	0.001018977	0.000295719
703.882263	0.001009513	0.000290008
707.945801	0.001000117	0.000284327
712.032837	0.000990805	0.000278757
716.143494	0.00098143	0.000273232
720.277771	0.000972047	0.000267773
724.435974	0.000962751	0.000262423
728.618225	0.000953402	0.000257183
732.824585	0.000944108	0.000252048
737.055176	0.0009349	0.000247016
741.310303	0.000925656	0.000242083
745.589905	0.000916503	0.000237248
749.894226	0.000907414	0.00023251
754.22345	0.000898334	0.000227864
758.577637	0.000889343	0.000223311
762.95697	0.000880409	0.000218843
767.361572	0.000871526	0.000214455
771.791565	0.000862731	0.000210156
776.247192	0.000853973	0.000205911
780.728455	0.000845281	0.000201735
785.235718	0.000836676	0.000197643
789.76886	0.000828061	0.000193595
794.328308	0.000819528	0.000189617
798.914001	0.000811074	0.000185721
803.526184	0.000802602	0.00018188
808.164978	0.000794211	0.000178109
812.830566	0.000785882	0.000174415
817.523071	0.000777566	0.000170799
822.242737	0.000769335	0.000167257
826.989563	0.000761152	0.000163789
831.763855	0.00075301	0.000160392
836.565674	0.000744955	0.000157066
841.395203	0.000736928	0.000153833
846.252625	0.000728962	0.000150676
851.138123	0.000721081	0.000147583
856.051758	0.000713242	0.000144586
860.993774	0.000705485	0.000141651
865.964417	0.00069781	0.000138781
870.963684	0.000690214	0.000135993
875.991821	0.000682699	0.000133262
881.04895	0.000675263	0.000130585
886.135315	0.000667904	0.000127962
891.250977	0.000660626	0.000125392
896.39624	0.000653422	0.000122869
901.571167	0.000646297	0.000120377
906.776062	0.000639249	0.000117935
912.010864	0.000632265	0.000115538
917.276001	0.000625343	0.000113181
922.571472	0.000618495	0.000110873
927.897522	0.000611706	0.000108554
933.254333	0.000604986	0.000106284
938.64209	0.00059833	0.000104058
944.060974	0.000591704	0.000101868
949.511047	0.00058515	9.97E-05
954.992676	0.000578651	9.76E-05
960.505859	0.000572193	9.56E-05
966.050903	0.000565807	9.35E-05
971.627991	0.000559471	9.16E-05
977.237305	0.00055319	8.96E-05
982.878967	0.000546979	8.77E-05
988.553162	0.000540814	8.59E-05
994.260132	0.00053471	8.40E-05
1000.00012	0.000528674	8.23E-05
