Q(Å⁻¹)	Intensity	Error
1.204049348160553994e-03	6.484727638882998857e-01	6.484727638882998614e-03
1.613827152409761864e-03	6.440255965836579888e-01	6.440255965836579749e-03
2.016013347373190202e-03	6.253474939041619995e-01	6.253474939041619822e-03
2.420725095583350570e-03	6.022222239200240024e-01	6.022222239200240163e-03
2.825432124466069946e-03	5.804311041272784966e-01	5.804311041272785035e-03
3.232663010547506214e-03	5.590847010649973026e-01	5.590847010649973442e-03
3.634828868271673848e-03	5.386277314636445102e-01	5.386277314636445449e-03
4.039517005234190099e-03	5.181707618622916067e-01	5.181707618622916588e-03
4.446726492164296968e-03	4.968243588000104127e-01	4.968243588000104127e-03
4.846339695529090774e-03	4.781462561205143125e-01	4.781462561205143333e-03
5.256060115906420645e-03	4.585787199800898106e-01	4.585787199800898072e-03
5.658182911270437897e-03	4.412347674919863683e-01	4.412347674919863544e-03
6.065352751835929868e-03	4.234460982734186696e-01	4.234460982734187216e-03
6.467452834414890751e-03	4.069915792462435733e-01	4.069915792462435421e-03
6.874598088926275191e-03	3.887581932972116738e-01	3.887581932972116860e-03
7.274143597261298853e-03	3.731931077309649236e-01	3.731931077309649097e-03
7.686318450037765010e-03	3.571833054342540281e-01	3.571833054342540403e-03
8.083306528113674491e-03	3.429523700593998803e-01	3.429523700593998907e-03
8.492921624376753922e-03	3.269425677626889293e-01	3.269425677626889345e-03
8.894934755487981376e-03	3.109327654659780338e-01	3.109327654659780216e-03
9.299458982494259590e-03	2.958123966301954844e-01	2.958123966301955121e-03
9.703965079729400325e-03	2.815814612553413365e-01	2.815814612553413625e-03
1.011098024230819986e-02	2.673505258804871887e-01	2.673505258804872130e-03
1.051291973050180392e-02	2.522301570447046393e-01	2.522301570447046601e-03
1.091989443443652265e-02	2.384439384003146922e-01	2.384439384003146905e-03
1.132431999140613883e-02	2.237682862949963714e-01	2.237682862949963609e-03
1.172366856702143634e-02	2.099820676506063966e-01	2.099820676506063914e-03
1.213310408491623076e-02	1.966405657366806226e-01	1.966405657366806451e-03
1.253493388877621566e-02	1.832990638227548763e-01	1.832990638227548772e-03
1.294179356204338757e-02	1.699575619088291023e-01	1.699575619088291092e-03
1.334357400814551071e-02	1.575054934558317299e-01	1.575054934558317229e-03
1.374785544096871273e-02	1.468322919246911051e-01	1.468322919246910999e-03
1.415211007164425203e-02	1.370485238544788820e-01	1.370485238544788802e-03
1.455633711205704499e-02	1.254858888624098834e-01	1.254858888624098756e-03
1.496306192489018846e-02	1.161468375226618333e-01	1.161468375226618359e-03
1.536723123588156110e-02	1.076972196438421847e-01	1.076972196438421778e-03
1.576884481138410982e-02	1.010264686868792977e-01	1.010264686868793046e-03
1.617295361069384999e-02	9.524515119084479842e-02	9.524515119084480232e-04
1.657703088000295893e-02	8.679553331202513600e-02	8.679553331202513339e-04
1.698360100920849949e-02	7.968006562459806208e-02	7.968006562459805861e-04
1.738508767760503504e-02	7.211988120670680125e-02	7.211988120670680385e-04
1.779159038452162930e-02	6.633856371067230195e-02	6.633856371067230152e-04
1.819300890280110480e-02	5.788894583185265341e-02	5.788894583185265428e-04
1.859691670685048939e-02	4.943932795303299793e-02	4.943932795303299620e-04
1.900078825525915519e-02	4.187914353514173016e-02	4.187914353514173059e-04
1.940462276065884131e-02	3.654254276957142472e-02	3.654254276957142450e-04
1.981094304435880582e-02	3.342952565632208162e-02	3.342952565632208335e-04
2.021217749332093402e-02	3.120594200400111928e-02	3.120594200400111842e-04
2.061841926223023647e-02	3.031650854307273504e-02	3.031650854307273678e-04
2.101957460736273570e-02	2.898235835168016042e-02	2.898235835168015890e-04
2.142573469352645685e-02	2.942707508214434733e-02	2.942707508214434972e-04
2.182933014678107089e-02	3.076122527353692890e-02	3.076122527353692760e-04
2.223036097082487297e-02	3.165065873446530620e-02	3.165065873446530923e-04
2.263639259435490381e-02	2.853764162121596309e-02	2.853764162121596266e-04
2.303733649505414552e-02	2.542462450796661652e-02	2.542462450796661609e-04
2.344075728175782150e-02	2.142217393378889265e-02	2.142217393378889330e-04
2.384665331844857544e-02	1.875387355100373646e-02	1.875387355100373754e-04
2.424746097189745334e-02	1.608557316821858027e-02	1.608557316821858179e-04
2.465326266063970484e-02	1.386198951589761967e-02	1.386198951589761956e-04
2.505397557546562223e-02	1.475142297682600391e-02	1.475142297682600391e-04
2.545716000430056983e-02	1.519613970729019430e-02	1.519613970729019473e-04
2.586029480309944700e-02	1.964330701193212070e-02	1.964330701193212189e-04
2.626589830313584908e-02	2.275632412518146727e-02	2.275632412518146846e-04
2.666893116168299327e-02	2.497990777750242614e-02	2.497990777750242527e-04
2.707191202778418820e-02	2.586934123843081385e-02	2.586934123843081233e-04
2.747484011580761734e-02	2.409047431657404190e-02	2.409047431657404363e-04
2.787519684240790871e-02	2.186689066425308303e-02	2.186689066425308412e-04
2.828053481560990554e-02	1.964330701193212070e-02	1.964330701193212189e-04
2.868078274797784821e-02	1.519613970729019430e-02	1.519613970729019473e-04
2.908349222138834761e-02	9.859538941719888858e-03	9.859538941719888641e-05
2.948614499504256456e-02	7.191238558934736139e-03	7.191238558934736952e-05
2.988874028394830282e-02	7.635955289398929126e-03	7.635955289398929126e-05
3.029379297471491983e-02	7.635955289398929126e-03	7.635955289398929126e-05
3.029882431077264918e-02	8.076445777297307921e-03	8.076445777297308029e-05
3.069375526810751154e-02	8.970105480791504618e-03	8.970105480791504293e-05
3.094024352143867271e-02	1.358988662157775695e-02	1.358988662157775652e-04
3.109868831741392434e-02	1.030425567218408271e-02	1.030425567218408353e-04
3.149853089619741170e-02	1.163840586357665907e-02	1.163840586357665869e-04
3.158150951803338075e-02	1.546743674692731448e-02	1.546743674692731534e-04
3.190334114629435336e-02	1.430670624636181526e-02	1.430670624636181580e-04
3.222010527929725782e-02	1.628700227783386884e-02	1.628700227783386949e-04
3.230557465708852605e-02	1.475142297682600391e-02	1.475142297682600391e-04
3.270523181790783995e-02	1.208312259404084946e-02	1.208312259404084951e-04
3.285854273763069017e-02	1.266601275037400678e-02	1.266601275037400798e-04
3.310985195051223406e-02	1.030425567218408271e-02	1.030425567218408353e-04
3.349933133080579273e-02	7.763520756405714422e-03	7.763520756405713989e-05
3.350938160339416577e-02	8.080672019863122113e-03	8.080672019863122655e-05
3.391135889565750905e-02	5.412371637077966792e-03	5.412371637077966900e-05
3.413744211967971454e-02	2.771621613611253108e-03	2.771621613611253081e-05
3.431327007599143525e-02	4.967654906613775539e-03	4.967654906613775404e-05
3.471762567562747953e-02	2.744071254292813639e-03	2.744071254292813856e-05
3.478040768531153598e-02	1.519921530044880849e-03	1.519921530044880815e-05
3.511689096681584049e-02	2.299354523828621086e-03	2.299354523828621004e-05
3.541566796610425005e-02	2.741819230669196791e-03	2.741819230669196764e-05
3.552110956957654775e-02	2.299354523828621086e-03	2.299354523828621004e-05
3.592023800907025166e-02	4.522938176149583420e-03	4.522938176149583230e-05
3.605577537070991240e-02	5.438934886925307806e-03	5.438934886925307697e-05
3.632180687919218942e-02	5.857088367542159779e-03	5.857088367542159752e-05
3.669319505736264725e-02	6.601227821665511114e-03	6.601227821665510843e-05
3.672581407664696901e-02	5.857088367542159779e-03	5.857088367542159752e-05
3.712473140303178959e-02	6.301805098006351899e-03	6.301805098006352604e-05
3.733294292017318161e-02	5.483638461338393583e-03	5.483638461338393528e-05
3.752357725473275812e-02	4.522938176149583420e-03	4.522938176149583230e-05
3.792987419487072603e-02	3.633504715221199180e-03	3.633504715221199559e-05
3.797501363477095299e-02	3.248459740684156785e-03	3.248459740684156866e-05
3.832606609632990130e-02	3.188787984757006193e-03	3.188787984757006030e-05
3.860937388641688672e-02	9.983798285588922627e-04	9.983798285588922153e-06
3.873221251330076498e-02	2.744071254292813639e-03	2.744071254292813856e-05
3.912825606356473002e-02	1.409921062900237063e-03	1.409921062900237165e-05
3.924855839402854180e-02	1.326206040921513703e-03	1.326206040921513737e-05
3.953424879015714211e-02	2.744071254292813639e-03	2.744071254292813856e-05
3.988754854533461264e-02	3.606088335988834759e-03	3.606088335988834705e-05
3.993264630611458033e-02	3.633504715221199180e-03	3.633504715221199559e-05
4.033597677099986373e-02	5.412371637077966792e-03	5.412371637077966900e-05
4.052383649684463546e-02	6.258500417831862166e-03	6.258500417831861840e-05
4.073421877721732087e-02	6.301805098006351899e-03	6.301805098006352604e-05
4.113739020379308942e-02	6.301805098006351899e-03	6.301805098006352604e-05
4.116242923697696621e-02	8.523481521428155280e-03	8.523481521428155497e-05
4.153547359469938333e-02	6.746521828470544019e-03	6.746521828470544778e-05
4.180081814343990926e-02	8.001939819942165827e-03	8.001939819942165881e-05
4.193597993062644219e-02	7.191238558934736139e-03	7.191238558934736952e-05
4.233640451021476736e-02	7.635955289398929126e-03	7.635955289398929126e-05
4.243399552019143373e-02	6.064784928708494803e-03	6.064784928708495101e-05
4.273924842940089730e-02	5.412371637077966792e-03	5.412371637077966900e-05
4.307447037587533445e-02	2.786522805082281267e-03	2.786522805082281240e-05
4.313700527794328554e-02	3.188787984757006193e-03	3.188787984757006030e-05
4.353717990527132542e-02	2.299354523828621086e-03	2.299354523828621004e-05
4.370722846505246950e-02	1.326206040921513703e-03	1.326206040921513737e-05
4.393726965463933681e-02	1.409921062900237063e-03	1.409921062900237165e-05
4.433727374605189731e-02	3.188787984757006193e-03	3.188787984757006030e-05
4.434477299965335767e-02	1.311304849450485111e-03	1.311304849450485070e-05
4.473969061156977955e-02	2.744071254292813639e-03	2.744071254292813856e-05
4.498209794182576188e-02	2.965337102734620037e-03	2.965337102734620159e-05
4.513702183586537631e-02	4.522938176149583420e-03	4.522938176149583230e-05
4.553926238701375140e-02	4.522938176149583420e-03	4.522938176149583230e-05
4.561920013557809600e-02	6.645931396078596023e-03	6.645931396078596674e-05
4.593891549271097996e-02	5.857088367542159779e-03	5.857088367542159752e-05
4.625357931725092991e-02	7.554904075811318467e-03	7.554904075811318413e-05
4.633847903814176244e-02	7.191238558934736139e-03	7.191238558934736952e-05
4.673295939000613602e-02	8.525388750327314233e-03	8.525388750327314829e-05
4.688773124711666240e-02	7.838026713760855649e-03	7.838026713760856137e-05
4.713733433250181376e-02	7.635955289398929126e-03	7.635955289398929126e-05
4.752414810428353537e-02	5.453836078396336398e-03	5.453836078396336534e-05
4.753412924731363620e-02	5.412371637077966792e-03	5.412371637077966900e-05
4.793582204045985368e-02	4.078221445685390432e-03	4.078221445685390378e-05
4.815783525919931779e-02	2.816325188024337584e-03	2.816325188024337557e-05
4.879377923445655379e-02	9.536762541458074617e-04	9.536762541458074008e-06
4.942948158609612730e-02	4.172333611887907713e-04	4.172333611887908119e-06
5.006493916616139295e-02	1.177194126211231033e-03	1.177194126211231135e-05
5.069516776407632930e-02	1.862648933878530231e-03	1.862648933878530326e-05
5.133261788653907531e-02	2.995139485676676788e-03	2.995139485676676815e-05
5.196483473917138524e-02	3.159052591857987400e-03	3.159052591857987237e-05
5.259679627961437454e-02	1.892451316820586765e-03	1.892451316820586643e-05
5.323347240962855720e-02	1.251700083566372260e-03	1.251700083566372266e-05
5.386491194062383026e-02	8.493679138486098096e-04	8.493679138486097825e-06
5.449857123740386305e-02	1.162292934740202874e-03	1.162292934740202976e-05
5.512699395875513692e-02	1.892451316820586765e-03	1.892451316820586643e-05
5.576011252573358917e-02	2.339487060951433908e-03	2.339487060951434111e-05
5.639295497226552711e-02	1.922253699762643299e-03	1.922253699762643299e-05
5.702303807406770148e-02	1.430514381218711247e-03	1.430514381218711355e-05
5.765284101185576965e-02	5.215417014859884777e-04	5.215417014859885149e-06
5.828731640698263383e-02	1.937154891233671457e-04	1.937154891233671627e-06
5.891654746813945742e-02	8.791702967906663436e-04	8.791702967906664384e-06
5.954796463401178935e-02	1.728538210639276153e-03	1.728538210639276221e-05
6.017908692224057526e-02	2.995139485676676788e-03	2.995139485676676815e-05
6.080743797291059127e-02	3.606088335988834759e-03	3.606088335988834705e-05
6.143796231848686062e-02	3.069645443031818015e-03	3.069645443031818286e-05
6.206324071625227146e-02	1.952056082704699616e-03	1.952056082704699616e-05
6.269315589022801671e-02	9.536762541458074617e-04	9.536762541458074008e-06
6.332029218404934545e-02	1.788142976523389059e-04	1.788142976523389194e-06
6.394958457118612993e-02	3.129250208915930649e-04	3.129250208915930666e-06
6.457856028414407645e-02	1.013281020029920421e-03	1.013281020029920374e-05
6.520475151955078263e-02	2.324585869480405749e-03	2.324585869480405952e-05
6.583308581415422966e-02	1.862648933878530231e-03	1.862648933878530326e-05
6.645863197073501039e-02	2.101067997414982503e-03	2.101067997414982557e-05
6.708631244987670050e-02	1.281502466508429010e-03	1.281502466508429092e-05
6.771120118553454470e-02	1.102688168856089806e-03	1.102688168856089834e-05
6.833821546500710997e-02	4.172333611887907713e-04	4.172333611887908119e-06
6.896243445061601973e-02	2.980238294205648521e-04	2.980238294205648657e-06
6.958877015935621690e-02	4.768381270729037309e-04	4.768381270729037004e-06
7.021230707900448509e-02	7.748619564934685830e-04	7.748619564934686508e-06
7.083795185933737526e-02	8.046643394355251170e-04	8.046643394355251373e-06
7.146079441057048842e-02	6.556524247252425554e-04	6.556524247252425351e-06
7.208573591845325590e-02	5.066405100149602107e-04	5.066405100149601869e-06
7.271276910687708706e-02	4.619369356018755181e-04	4.619369356018755418e-06
7.333209771778209651e-02	4.619369356018755181e-04	4.619369356018755418e-06
7.395596048727452743e-02	8.344667223775815426e-04	8.344667223775816239e-06
7.457701266646356297e-02	1.356008423863570237e-03	1.356008423863570224e-05
7.520014135255262411e-02	1.370909615334598396e-03	1.370909615334598382e-05
7.582045620218377802e-02	1.117589360327118182e-03	1.117589360327118162e-05
7.644283851046948519e-02	6.705536161962709308e-04	6.705536161962709478e-06
7.706240379166003074e-02	2.682214464785083723e-04	2.682214464785083791e-06
7.768402744246849512e-02	1.043083402971976928e-04	1.043083402971977030e-06
7.830283093112483384e-02	3.129250208915930649e-04	3.129250208915930666e-06
7.892368365975054034e-02	7.003559991383274648e-04	7.003559991383275190e-06
7.954414556343374076e-02	1.221897700624315726e-03	1.221897700624315780e-05
8.016178270375716453e-02	1.475217955631796156e-03	1.475217955631796170e-05
8.078145530477662262e-02	1.475217955631796156e-03	1.475217955631796170e-05
8.140072788128935311e-02	9.238738712037510362e-04	9.238738712037510836e-06
8.201717121879774364e-02	4.917393185439320521e-04	4.917393185439320284e-06
8.263321159180812836e-02	2.235178720654236255e-04	2.235178720654236493e-06
8.325369186941468380e-02	8.940714882616945293e-05	8.940714882616945970e-07
8.386649267427880028e-02	2.533202550074801053e-04	2.533202550074800935e-06
8.448614376730045894e-02	8.493679138486098096e-04	8.493679138486097825e-06
8.509811906128872394e-02	8.344667223775815426e-04	8.344667223775816239e-06
8.571692874393876949e-02	9.089726797327227692e-04	9.089726797327227556e-06
8.633289590832962657e-02	5.960476588411297042e-04	5.960476588411297314e-06
8.694360946714087268e-02	5.066405100149602107e-04	5.066405100149601869e-06
8.756113329675489776e-02	3.725297867757060787e-04	3.725297867757060821e-06
8.817099117806631581e-02	2.384190635364518654e-04	2.384190635364518502e-06
8.878523515758834916e-02	2.980238294205648521e-04	2.980238294205648657e-06
8.939903947840693865e-02	4.023321697177625585e-04	4.023321697177625687e-06
8.957226892004738206e-02	4.602362561405081527e-04	4.602362561405081866e-06
9.001240110100310055e-02	4.619369356018755181e-04	4.619369356018755418e-06
9.024560219046956488e-02	4.417032525375346624e-04	4.417032525375346929e-06
9.062291427084483153e-02	3.129250208915930649e-04	3.129250208915930666e-06
9.091839664966309964e-02	2.440178807724842076e-04	2.440178807724841924e-06
9.123538315303285351e-02	8.940714882616945293e-05	8.940714882616945970e-07
9.159064828070968833e-02	2.223960432356818023e-04	2.223960432356817972e-06
9.184260187516882223e-02	1.043083402971976928e-04	1.043083402971977030e-06
9.226235306993200991e-02	1.884188699635637367e-04	1.884188699635637325e-06
9.245416772235459657e-02	2.235178720654236255e-04	2.235178720654236493e-06
9.293350700691768718e-02	3.428605666550094350e-04	3.428605666550094214e-06
9.306527574252175528e-02	4.172333611887907713e-04	4.172333611887908119e-06
9.360410608454315662e-02	5.683454438245201523e-04	5.683454438245201625e-06
9.367352911875109767e-02	5.662452758990731702e-04	5.662452758990731601e-06
9.427414629899762144e-02	6.733657975747032098e-04	6.733657975747032369e-06
9.428610619941396598e-02	9.089726797327227692e-04	9.089726797327227556e-06
9.489343246181623781e-02	5.960476588411297042e-04	5.960476588411297314e-06
9.494362364980707403e-02	7.166094726483079663e-04	7.166094726483079426e-06
9.550268078384313575e-02	3.576285953046778117e-04	3.576285953046778388e-06
9.561253413985799920e-02	5.374571044862309476e-04	5.374571044862309781e-06
9.610668332164652716e-02	1.788142976523389059e-04	1.788142976523389194e-06
9.628087377542132730e-02	2.316625450371685203e-04	2.316625450371685440e-06
9.671498652751150948e-02	4.470357441308472646e-05	4.470357441308472985e-07
9.694863856617634557e-02	4.942134294126262047e-05	4.942134294126262513e-07
9.732042812173566371e-02	8.940714882616945293e-05	8.940714882616945970e-07
9.761582452523437370e-02	1.081091876840119861e-04	1.081091876840119971e-06
9.792777236088415216e-02	2.533202550074801053e-04	2.533202550074800935e-06
9.828242766916266138e-02	3.552159023903250952e-04	3.552159023903251121e-06
9.853463166808025531e-02	5.364428929570167447e-04	5.364428929570167582e-06
9.894844401800816092e-02	6.239444546334405690e-04	6.239444546334405588e-06
9.961386959532135543e-02	7.011653029791634724e-04	7.011653029791635198e-06
1.002787004281797262e-01	6.517439600379008316e-04	6.517439600379008417e-06
1.009429325472119554e-01	3.922819095962720758e-04	3.922819095962720995e-06
1.016065619866211162e-01	2.100407075003661421e-04	2.100407075003661488e-06
1.022695847842087086e-01	6.486551261040718894e-05	6.486551261040718555e-07
1.029319969813981134e-01	1.451751948899589531e-04	1.451751948899589633e-06
1.035937946232583645e-01	2.378402129048263504e-04	2.378402129048263470e-06
1.042549737585275887e-01	3.552159023903250952e-04	3.552159023903251121e-06
1.049155304396368754e-01	4.478809204051925467e-04	4.478809204051925806e-06
1.055754607227335079e-01	3.150610612505492267e-04	3.150610612505492233e-06
1.062347606677047918e-01	2.285737111033396324e-04	2.285737111033396425e-06
1.068934263382013694e-01	2.007742056988793969e-04	2.007742056988794020e-06
1.075514538016609234e-01	2.193072093018528872e-04	2.193072093018528957e-06
1.082088391293314911e-01	2.810838879784311882e-04	2.810838879784311797e-06
1.088655783962949458e-01	2.687285522431154738e-04	2.687285522431154891e-06
1.095216676814905754e-01	2.347513789709974625e-04	2.347513789709974879e-06
1.101771030677382579e-01	1.575305306252746133e-04	1.575305306252746116e-06
1.108318806417620678e-01	8.339851621338067924e-05	8.339851621338067924e-07
1.114859964942134796e-01	8.339851621338067924e-05	8.339851621338067924e-07
1.121394467196948075e-01	1.420863609561300381e-04	1.420863609561300406e-06
1.127922274167824923e-01	3.181498951843781146e-04	3.181498951843781248e-06
1.134443346880503883e-01	4.015484113977587938e-04	4.015484113977588040e-06
1.140957646400930919e-01	3.984595774639299059e-04	3.984595774639299025e-06
1.147465133835490064e-01	3.583047363241539831e-04	3.583047363241539713e-06
1.153965770331237956e-01	1.544416966914456983e-04	1.544416966914457101e-06
1.160459517076134484e-01	6.177667867657827389e-05	6.177667867657827347e-07
1.166946335299274273e-01	4.324367507360479037e-05	4.324367507360479037e-07
1.173426186271119553e-01	1.204645234193276327e-04	1.204645234193276454e-06
1.179899031303730389e-01	2.501955486401420377e-04	2.501955486401420377e-06
1.186364831750994775e-01	3.922819095962720758e-04	3.922819095962720995e-06
1.192823549008861783e-01	3.212387291182070568e-04	3.212387291182070686e-06
1.199275144515569436e-01	2.100407075003661421e-04	2.100407075003661488e-06
1.205719579751876741e-01	1.204645234193276327e-04	1.204645234193276454e-06
1.212156816241293372e-01	8.648735014720958074e-05	8.648735014720958074e-07
1.218586815550308650e-01	4.015484113977588209e-05	4.015484113977588358e-07
1.225009539288622051e-01	8.030968227955176419e-05	8.030968227955176715e-07
1.231424949109370809e-01	1.451751948899589531e-04	1.451751948899589633e-06
1.237833006709360556e-01	2.038630396327083120e-04	2.038630396327083035e-06
1.244233673829293757e-01	1.606193645591035284e-04	1.606193645591035343e-06
1.250626912253996470e-01	1.297310252208143779e-04	1.297310252208143711e-06
1.257012683812649134e-01	1.050203537501830710e-04	1.050203537501830744e-06
1.263390950379012223e-01	1.297310252208143779e-04	1.297310252208143711e-06
1.269761673871655505e-01	1.451751948899589531e-04	1.451751948899589633e-06
1.276124816254183836e-01	2.131295414341950571e-04	2.131295414341950503e-06
1.282480339535465308e-01	1.822412020959059337e-04	1.822412020959059295e-06
1.288828205769858015e-01	1.575305306252746133e-04	1.575305306252746116e-06
1.295168377057436537e-01	1.142868555516698162e-04	1.142868555516698213e-06
1.301500815544218148e-01	5.559901080892045057e-05	5.559901080892044930e-07
1.307825483422388468e-01	5.251017687509153552e-05	5.251017687509153721e-07
1.314142342930527674e-01	1.328198591546432929e-04	1.328198591546432938e-06
1.320451356353835870e-01	1.853300360297348217e-04	1.853300360297348310e-06
1.326752486024357636e-01	1.884188699635637367e-04	1.884188699635637325e-06
1.333045694321208785e-01	2.656397183092865859e-04	2.656397183092865876e-06
1.339330943670798413e-01	2.007742056988793969e-04	2.007742056988794020e-06
1.345608196547055380e-01	1.173756894854987312e-04	1.173756894854987439e-06
1.351877415471650634e-01	4.324367507360479037e-05	4.324367507360479037e-07
1.358138563014222588e-01	2.779950540446022528e-05	2.779950540446022465e-07
1.364391601792598885e-01	5.251017687509153552e-05	5.251017687509153721e-07
1.370636494473022049e-01	7.722084834572284914e-05	7.722084834572285507e-07
1.376873203770369591e-01	1.142868555516698162e-04	1.142868555516698213e-06
1.383101692448377995e-01	1.513528627576167832e-04	1.513528627576167875e-06
1.389321923319865315e-01	1.451751948899589531e-04	1.451751948899589633e-06
1.395533859246952946e-01	1.204645234193276327e-04	1.204645234193276454e-06
1.401737463141286832e-01	6.177667867657827389e-05	6.177667867657827347e-07
1.405278624483687622e-01	6.350771725430700058e-05	6.350771725430700439e-07
1.407932697964259516e-01	5.251017687509153552e-05	5.251017687509153721e-07
1.412352721282395251e-01	9.188350581474203445e-05	9.188350581474203741e-07
1.414119526727231624e-01	9.266501801486741084e-05	9.266501801486741549e-07
1.419415804270870995e-01	6.756140133436915214e-05	6.756140133436915045e-07
1.420297912491750303e-01	9.266501801486741084e-05	9.266501801486741549e-07
1.426467818369774043e-01	9.728841792149156987e-05	9.728841792149156902e-07
1.426467818369774043e-01	9.575385194869633944e-05	9.575385194869634876e-07
1.432629207523888892e-01	9.575385194869633944e-05	9.575385194869634876e-07
1.433508708586082314e-01	9.323473384142941830e-05	9.323473384142942296e-07
1.438782043167530222e-01	7.104318047806501904e-05	7.104318047806502031e-07
1.440538420013519616e-01	7.431754146780604432e-05	7.431754146780604644e-07
1.444926288565202277e-01	6.795434654423610399e-05	6.795434654423610823e-07
1.447556897832983636e-01	7.566876949449344173e-05	7.566876949449344257e-07
1.451061907032698273e-01	7.413201441189392054e-05	7.413201441189392181e-07
1.454564087312974485e-01	6.891262936105652245e-05	6.891262936105652541e-07
1.457188861937316615e-01	7.413201441189392054e-05	7.413201441189392181e-07
1.461559933810021583e-01	9.188350581474203445e-05	9.188350581474203741e-07
1.463307116698082944e-01	1.235533573531565478e-04	1.235533573531565469e-06
1.468544382769108592e-01	1.175568383218023006e-04	1.175568383218023099e-06
1.469416634785966347e-01	1.575305306252746133e-04	1.575305306252746116e-06
1.475517379724099187e-01	1.283666625353013715e-04	1.283666625353013731e-06
1.475517379724099187e-01	1.142868555516698162e-04	1.142868555516698213e-06
1.481609315087991929e-01	1.111980216178409011e-04	1.111980216178408986e-06
1.482478870298161722e-01	1.121519262150527787e-04	1.121519262150527889e-06
1.487692404505755461e-01	6.486551261040718894e-05	6.486551261040718555e-07
1.489428800204195824e-01	6.891262936105652245e-05	6.891262936105652541e-07
1.493766611658312593e-01	2.779950540446022528e-05	2.779950540446022465e-07
1.496367115245250679e-01	3.513192869387195315e-05	3.513192869387195548e-07
1.499831900279619545e-01	2.471067147063131023e-05	2.471067147063131256e-07
1.503293761314952459e-01	4.053684080062148180e-05	4.053684080062148180e-07
1.505888234156879668e-01	4.633250900743370542e-05	4.633250900743370775e-07
1.510208684397923440e-01	6.080526120093223286e-05	6.080526120093223329e-07
1.511935577130761321e-01	1.019315198163541560e-04	1.019315198163541518e-06
1.517111830570204711e-01	1.080982421349906272e-04	1.080982421349906322e-06
1.517973893095611593e-01	1.328198591546432929e-04	1.328198591546432938e-06
1.524003145999675291e-01	1.081091876840119861e-04	1.081091876840119971e-06
1.524003145999675291e-01	1.607961351757985569e-04	1.607961351757985628e-06
1.530882576946473450e-01	1.621473632024859272e-04	1.621473632024859272e-06
1.537750069763414440e-01	7.972245357455559330e-05	7.972245357455559922e-07
1.544605570896409874e-01	5.404912106749531358e-05	5.404912106749531612e-07
1.551449026884884896e-01	2.972701658712242112e-05	2.972701658712242387e-07
1.558280384362195348e-01	4.594175290737101722e-05	4.594175290737101871e-07
1.565099590056042711e-01	6.080526120093223286e-05	6.080526120093223329e-07
1.571906590788891278e-01	7.972245357455559330e-05	7.972245357455559922e-07
1.578701333478381708e-01	1.108006981883653813e-04	1.108006981883653822e-06
1.585483765137745971e-01	7.296631344111867402e-05	7.296631344111867147e-07
1.592253832876220077e-01	5.404912106749531358e-05	5.404912106749531612e-07
1.599011483899454855e-01	3.242947264049718544e-05	3.242947264049718438e-07
1.605756665509930903e-01	5.810280514755746515e-05	5.810280514755746219e-07
1.612489325107366311e-01	5.134666501412054587e-05	5.134666501412054502e-07
1.619209410189129672e-01	6.485894528099437088e-05	6.485894528099436876e-07
1.625916868350647249e-01	6.080526120093223286e-05	6.080526120093223329e-07
1.632611647285813206e-01	4.188806882730887243e-05	4.188806882730887264e-07
1.639293694787396782e-01	3.242947264049718544e-05	3.242947264049718438e-07
1.645962958747448635e-01	3.513192869387195315e-05	3.513192869387195548e-07
1.652619387157708841e-01	5.404912106749531358e-05	5.404912106749531612e-07
1.659262928110012136e-01	6.485894528099437088e-05	6.485894528099436876e-07
1.665893529796690642e-01	7.701999752118082558e-05	7.701999752118082812e-07
1.672511140510981320e-01	6.891262936105652245e-05	6.891262936105652541e-07
1.679115708647425931e-01	6.080526120093223286e-05	6.080526120093223329e-07
1.685707182702275708e-01	3.648315672055933701e-05	3.648315672055933574e-07
1.692285511273891596e-01	1.351228026687382840e-05	1.351228026687382903e-07
1.698850643063146426e-01	3.648315672055933701e-05	3.648315672055933574e-07
1.705402526873823488e-01	5.404912106749531358e-05	5.404912106749531612e-07
1.711941111613016764e-01	6.215648922761960317e-05	6.215648922761960825e-07
1.718466346291528668e-01	8.377613765461774486e-05	8.377613765461774529e-07
1.724978180024268615e-01	6.350771725430700058e-05	6.350771725430700439e-07
1.731476562030648814e-01	4.729298093405839430e-05	4.729298093405839367e-07
1.737961441634981452e-01	2.567333250706027294e-05	2.567333250706027251e-07
1.744432768266872547e-01	3.648315672055933701e-05	3.648315672055933574e-07
1.750890491461616905e-01	2.026842040031074090e-05	2.026842040031074090e-07
1.757334560860592254e-01	2.567333250706027294e-05	2.567333250706027251e-07
1.763764926211650041e-01	4.188806882730887243e-05	4.188806882730887264e-07
1.770181537369510671e-01	5.945403317424484223e-05	5.945403317424484774e-07
1.776584344296150142e-01	5.404912106749531358e-05	5.404912106749531612e-07
1.782973297061195561e-01	4.594175290737101722e-05	4.594175290737101871e-07
1.789348345842307897e-01	2.026842040031074090e-05	2.026842040031074090e-07
1.795709440925578049e-01	3.783438474724672086e-05	3.783438474724672129e-07
1.802056532705906822e-01	4.594175290737101722e-05	4.594175290737101871e-07
1.808389571687398778e-01	4.459052488068363337e-05	4.459052488068363316e-07
1.814708508483743599e-01	3.603273837014337117e-05	3.603273837014337350e-07
1.821013293818602441e-01	3.693357507097530962e-05	3.693357507097530856e-07
1.827303878525993186e-01	3.152866296422578098e-05	3.152866296422578225e-07
1.833580213550672078e-01	1.711555410388816416e-05	1.711555410388816479e-07
1.839842249948518693e-01	2.972701658712242112e-05	2.972701658712242387e-07
1.846089938886914528e-01	3.783438474724672086e-05	3.783438474724672129e-07
1.852323231645126300e-01	5.314831139122390234e-05	5.314831139122390870e-07
1.858542079614685649e-01	5.134666501412054587e-05	5.134666501412054502e-07
1.864746434299765776e-01	4.233848717772483827e-05	4.233848717772484018e-07
1.870936247317563361e-01	3.242947264049718544e-05	3.242947264049718438e-07
1.877111470398672710e-01	2.522292226401246052e-05	2.522292226401246221e-07
1.883272055387464061e-01	9.008185943763867798e-06	9.008185943763867374e-08
1.889417954242457176e-01	1.351228026687382840e-05	1.351228026687382903e-07
1.895549119036699648e-01	2.342128669673332103e-05	2.342128669673332230e-07
1.901665501958135773e-01	3.333028231676859668e-05	3.333028231676859710e-07
1.907767055309982918e-01	4.774339928447437370e-05	4.774339928447437708e-07
1.913853731511103440e-01	4.233848717772483827e-05	4.233848717772484018e-07
1.919925483096372731e-01	3.242947264049718544e-05	3.242947264049718438e-07
1.925982262717051974e-01	2.792537021001906803e-05	2.792537021001907079e-07
1.932024023141157287e-01	1.801637458998378899e-05	1.801637458998379069e-07
1.938050717253828326e-01	1.531391853660902467e-05	1.531391853660902488e-07
1.944062298057691596e-01	1.981801015726293187e-05	1.981801015726293325e-07
1.950058718673234048e-01	3.152866296422578098e-05	3.152866296422578225e-07
1.956039932339162790e-01	2.702456053374765679e-05	2.702456053374765806e-07
1.962005892412772012e-01	2.972701658712242112e-05	2.972701658712242387e-07
1.967956552370306589e-01	2.882620691085100988e-05	2.882620691085101115e-07
1.973891865807325119e-01	2.972701658712242112e-05	2.972701658712242387e-07
1.979811786439060473e-01	2.161964842699812476e-05	2.161964842699812645e-07
1.985716268100782833e-01	1.531391853660902467e-05	1.531391853660902488e-07
1.991605264748158854e-01	1.981801015726293187e-05	1.981801015726293325e-07
1.997478730457608043e-01	2.342128669673332103e-05	2.342128669673332230e-07
2.003336619426666076e-01	3.062782626339383574e-05	3.062782626339383659e-07
2.009178885974338413e-01	2.972701658712242112e-05	2.972701658712242387e-07
2.015005484541455838e-01	1.621473632024859272e-05	1.621473632024859219e-07
2.020816369691032788e-01	1.441309805051339814e-05	1.441309805051339899e-07
2.026611496108619570e-01	1.621473632024859272e-05	1.621473632024859219e-07
2.032390818602656246e-01	1.261146248323425865e-05	1.261146248323425908e-07
2.038154292104825127e-01	2.161964842699812476e-05	2.161964842699812645e-07
2.043901871670402159e-01	2.612374275010808874e-05	2.612374275010808811e-07
