Q(Å⁻¹)	Intensity	Error
1.136702459081870894e-03	7.975835255195080631e-01	7.975835255195080908e-03
1.521171889909270604e-03	8.278688595345137236e-01	8.278688595345137097e-03
1.903250338536294261e-03	8.347677028421814915e-01	8.347677028421814777e-03
2.285325076679393247e-03	8.315520867101595659e-01	8.315520867101595243e-03
2.669783283155321898e-03	8.240099669237995750e-01	8.240099669237995611e-03
3.047072552945889225e-03	8.162341373983077464e-01	8.162341373983077186e-03
3.433907428855933336e-03	8.064702425673156982e-01	8.064702425673156427e-03
3.813572027066496496e-03	7.981681829980573628e-01	7.981681829980573004e-03
4.195617039871685390e-03	7.899829782983650572e-01	7.899829782983650711e-03
4.577653873106765810e-03	7.815638722941807837e-01	7.815638722941808600e-03
4.962069426772606345e-03	7.733786675944884781e-01	7.733786675944884573e-03
5.341700021682578049e-03	7.650181805904470167e-01	7.650181805904470583e-03
5.726095362074433426e-03	7.571837320648122649e-01	7.571837320648123169e-03
6.105704514608586639e-03	7.485891521909192603e-01	7.485891521909192672e-03
6.492464009416950600e-03	7.401116187519521938e-01	7.401116187519521730e-03
6.869661394024281949e-03	7.318679866174767623e-01	7.318679866174768005e-03
7.254007315272923036e-03	7.236243544830014418e-01	7.236243544830014279e-03
7.633564702440459766e-03	7.149129197395425184e-01	7.149129197395425253e-03
8.017881418205252686e-03	7.057338739524600113e-01	7.057338739524600217e-03
8.397408482785664180e-03	6.970224392090010879e-01	6.970224392090011191e-03
8.776919380188734007e-03	6.881941495959763566e-01	6.881941495959763636e-03
9.165960174356571621e-03	6.788980573739680224e-01	6.788980573739680779e-03
9.543049508230427858e-03	6.697190115868854043e-01	6.697190115868854009e-03
9.927280099058412646e-03	6.597212154514017213e-01	6.597212154514017768e-03
1.030671840937130886e-02	6.499575121857698035e-01	6.499575121857698035e-03
1.069090930643889180e-02	6.400183350504290436e-01	6.400183350504290783e-03
1.107030693665163150e-02	6.300791579150882837e-01	6.300791579150882664e-03
1.145445514396102073e-02	6.197307971709068442e-01	6.197307971709068233e-03
1.183380913545466727e-02	6.089730612525248166e-01	6.089730612525248200e-03
1.221791165734097996e-02	5.978061417253022203e-01	5.978061417253022723e-03
1.259960455695315062e-02	5.861714195890959100e-01	5.861714195890959343e-03
1.297888754370838185e-02	5.747121713225986639e-01	5.747121713225986951e-03
1.336291592137412755e-02	5.620834165336423549e-01	5.620834165336423272e-03
1.374214787440222220e-02	5.491625245707713043e-01	5.491625245707712835e-03
1.412612307909242096e-02	5.355985476945678281e-01	5.355985476945678003e-03
1.450530104106643320e-02	5.213328669048892250e-01	5.213328669048892389e-03
1.488922007846530358e-02	5.062486273321691321e-01	5.062486273321691391e-03
1.527072540911748703e-02	4.904044479765508613e-01	4.904044479765508335e-03
1.565220096870908670e-02	4.732740987942677391e-01	4.732740987942677356e-03
1.603126207830127270e-02	4.555004731332922274e-01	4.555004731332922691e-03
1.641505979994551528e-02	4.373760912982590510e-01	4.373760912982590544e-03
1.679405804912120076e-02	4.224673255952478557e-01	4.224673255952478799e-03
1.717779062324819098e-02	4.077338421965855941e-01	4.077338421965856149e-03
1.755672305650289242e-02	3.885571918393793123e-01	3.885571918393793296e-03
1.793800459029606942e-02	3.646446626536344882e-01	3.646446626536344743e-03
1.831925115303140866e-02	3.401474759893402533e-01	3.401474759893402793e-03
1.870046200144923759e-02	3.202106942838757186e-01	3.202106942838757291e-03
1.908401861609816327e-02	3.118500157144745155e-01	3.118500157144745311e-03
1.946515557154133644e-02	3.086343995824524788e-01	3.086343995824524910e-03
1.984387282925388282e-02	2.936087790098754202e-01	2.936087790098754202e-03
2.022731489450521961e-02	2.653113187350096824e-01	2.653113187350096720e-03
2.060595451964173513e-02	2.322197437621823513e-01	2.322197437621823565e-03
2.098931648080431742e-02	1.980172812670390747e-01	1.980172812670390713e-03
2.136787552065694956e-02	1.697783250531002819e-01	1.697783250531002862e-03
2.174877390584552608e-02	1.535248471494253808e-01	1.535248471494253921e-03
2.212962989068649466e-02	1.538171758887001139e-01	1.538171758887001269e-03
2.251044273268161880e-02	1.634055585369112162e-01	1.634055585369112266e-03
2.289121168941677525e-02	1.638732845197507781e-01	1.638732845197507851e-03
2.327431540372681615e-02	1.460996971718472592e-01	1.460996971718472610e-03
2.365261497787994258e-02	1.141773988430468678e-01	1.141773988430468774e-03
2.403324782521328029e-02	7.804556666869039150e-02	7.804556666869039193e-04
2.441621233206388991e-02	4.916348722834719409e-02	4.916348722834719236e-04
2.479437221576884579e-02	3.372852979464151246e-02	3.372852979464151463e-04
2.517724018445121476e-02	3.407932428177119083e-02	3.407932428177118888e-04
2.555530325482920431e-02	4.606480259203506872e-02	4.606480259203506893e-04
2.594044898420178394e-02	6.138282853003085293e-02	6.138282853003085163e-04
2.631603500850126370e-02	6.863258126404413184e-02	6.863258126404413748e-04
2.669870094457927126e-02	6.348759545280890926e-02	6.348759545280890796e-04
2.707656154444598728e-02	4.705872030556914470e-02	4.705872030556914687e-04
2.745674600235098115e-02	2.589411958207878117e-02	2.589411958207878074e-04
2.783687693192468324e-02	9.172915695564293898e-03	9.172915695564294277e-05
2.821695359208239301e-02	3.910998388619176501e-03	3.910998388619176501e-05
2.859697524184522111e-02	1.116075112263245107e-02	1.116075112263245151e-04
2.897931575033769330e-02	2.659570855633813097e-02	2.659570855633812923e-04
2.935922480140017513e-02	4.162140575505918899e-02	4.162140575505918791e-04
2.973670272059275588e-02	5.103439115970546253e-02	5.103439115970545862e-04
3.011649692115362861e-02	5.167751438610986708e-02	5.167751438610987316e-04
3.049860556867210748e-02	4.384310417354712885e-02	4.384310417354712842e-04
3.087590844100621471e-02	3.045444791476455138e-02	3.045444791476455138e-04
3.126026909371300289e-02	1.577954520317316478e-02	1.577954520317316424e-04
3.163507918432244270e-02	5.606505076412603150e-03	5.606505076412602933e-05
3.201457241465296977e-02	3.326340910069718916e-03	3.326340910069718970e-05
3.239637447571961509e-02	9.523710182693968795e-03	9.523710182693968524e-05
3.277337089345290499e-02	2.115839400582817525e-02	2.115839400582817569e-04
3.315504510869328458e-02	3.390392703820634818e-02	3.390392703820634904e-04
3.353191379892314639e-02	4.249839197288337450e-02	4.249839197288337624e-04
3.391108756305864780e-02	4.466162464351636913e-02	4.466162464351637195e-04
3.429019521579371177e-02	4.056902229367016777e-02	4.056902229367017059e-04
3.467160481128513799e-02	3.138989988044368212e-02	3.138989988044368451e-04
3.504584085967566570e-02	2.057373652727871594e-02	2.057373652727871680e-04
3.542948205446610349e-02	9.816038921968698455e-03	9.816038921968699323e-05
3.580358242504790706e-02	3.150943666504881033e-03	3.150943666504881169e-05
3.618471594491248083e-02	1.221573987291671480e-03	1.221573987291671453e-05
3.656577803626683693e-02	4.027929884329067844e-03	4.027929884329068143e-05
3.694203559878952298e-02	9.757573174113751482e-03	9.757573174113751808e-05
3.731822203836492047e-02	1.624727118601273015e-02	1.624727118601273080e-04
3.770143243720327358e-02	2.121685975368312049e-02	2.121685975368312049e-04
3.807747308202510950e-02	2.267850345005676532e-02	2.267850345005676500e-04
3.846053343188263196e-02	2.086606526655344560e-02	2.086606526655344625e-04
3.883406146404758119e-02	1.607187394244789444e-02	1.607187394244789368e-04
3.921460585189599085e-02	1.034223065266320907e-02	1.034223065266320934e-04
3.959507283024146784e-02	4.904916102153254222e-03	4.904916102153254439e-05
3.996364951411693345e-02	1.572368474421345945e-03	1.572368474421346039e-05
4.034868576045508998e-02	5.199850130323222267e-04	5.199850130323221963e-06
4.072183316529366659e-02	1.806231465841128848e-03	1.806231465841128984e-05
4.110434695199619709e-02	4.787984606443362878e-03	4.787984606443362797e-05
4.147733682656237764e-02	8.178997982030216177e-03	8.178997982030216339e-05
4.185968760358278057e-02	1.092688813121266665e-02	1.092688813121266687e-04
4.223487646425951730e-02	1.180387434903685216e-02	1.180387434903685249e-04
4.261470182491670228e-02	1.069302513979288397e-02	1.069302513979288359e-04
4.299208468421555213e-02	8.295929477740108388e-03	8.295929477740108659e-05
4.336702587102408968e-02	4.963381850008200327e-03	4.963381850008200598e-05
4.374424089494779316e-02	2.332423196535640328e-03	2.332423196535640355e-05
4.412372742840780376e-02	6.953822565971594588e-04	6.953822565971594893e-06
4.450077061390869670e-02	4.615192651773766092e-04	4.615192651773766295e-06
4.487537133613560270e-02	1.864697213696074737e-03	1.864697213696074805e-05
4.525459598042641529e-02	4.612587362878525429e-03	4.612587362878525673e-05
4.562902208787552455e-02	7.945134990610435224e-03	7.945134990610435767e-05
4.600336034768764959e-02	1.028376490480826383e-02	1.028376490480826453e-04
4.638467049812219217e-02	1.145307986190717900e-02	1.145307986190717960e-04
4.675882920911762081e-02	1.121921687048739458e-02	1.121921687048739496e-04
4.713760258744404547e-02	9.640641678403861006e-03	9.640641678403860844e-05
4.751157938663963520e-02	7.126614520641193218e-03	7.126614520641193597e-05
4.751863467569948651e-02	5.554029638023617703e-03	5.554029638023617649e-05
4.789016708827197044e-02	4.144861380038959188e-03	4.144861380038959107e-05
4.804063536132619633e-02	2.014918732686906896e-03	2.014918732686907032e-05
4.826630965893462244e-02	1.806231465841128848e-03	1.806231465841128984e-05
4.856245574131801135e-02	1.616910094131468511e-04	1.616910094131468527e-06
4.864000812273085866e-02	2.861220216125393229e-04	2.861220216125393365e-06
4.901596235995545059e-02	2.276562737575935156e-04	2.276562737575935156e-06
4.908644316311280148e-02	7.767952689988243467e-04	7.767952689988244145e-06
4.939182103805329210e-02	1.396971230856508496e-03	1.396971230856508577e-05
4.960789622278889699e-02	3.315231046149276755e-03	3.315231046149276728e-05
4.976993163484901700e-02	3.384806657924664588e-03	3.384806657924664452e-05
5.013151071938570097e-02	6.370399629606078758e-03	6.370399629606078432e-05
5.014559638790787310e-02	5.723436572122495361e-03	5.723436572122495253e-05
5.051881639096900828e-02	7.594340503480759459e-03	7.594340503480760164e-05
5.065024182213915399e-02	8.372880592338129147e-03	8.372880592338128930e-05
5.089428550688693959e-02	8.646723964869783285e-03	8.646723964869782906e-05
5.117347636182404541e-02	8.621635991435276647e-03	8.621635991435277243e-05
5.127434689448753802e-02	8.646723964869783285e-03	8.646723964869782906e-05
5.164492534387842004e-02	7.711271999190649935e-03	7.711271999190649773e-05
5.169417206486474209e-02	6.674559640320320252e-03	6.674559640320320306e-05
5.202243909125807420e-02	5.781902319977440599e-03	5.781902319977440735e-05
5.221467374985291898e-02	3.899806234027576850e-03	3.899806234027577230e-05
5.239516244336769185e-02	3.735601145054339052e-03	3.735601145054339377e-05
5.273497946324685881e-02	1.328579972450682134e-03	1.328579972450682235e-05
5.277481455982588332e-02	1.689299970131237505e-03	1.689299970131237681e-05
5.314499095485512858e-02	6.953822565971594588e-04	6.953822565971594893e-06
5.325508725224028378e-02	1.209855804699769977e-04	1.209855804699769951e-06
5.352209208039813981e-02	1.691905259026477083e-04	1.691905259026477160e-06
5.377733663715374840e-02	4.421061865772056695e-04	4.421061865772056932e-06
5.389440503102743002e-02	4.615192651773766092e-04	4.615192651773766295e-06
5.426895482946741955e-02	1.280039735146617152e-03	1.280039735146617105e-05
5.429704180835859956e-02	1.848704897835629904e-03	1.848704897835630080e-05
5.464339882780303720e-02	2.507820440100478211e-03	2.507820440100478156e-05
5.481654319244610302e-02	3.447523690214578714e-03	3.447523690214578633e-05
5.501773629603652627e-02	3.618669649344447709e-03	3.618669649344447736e-05
5.533583883962881617e-02	4.332866769728521694e-03	4.332866769728522047e-05
5.539430510436358507e-02	4.320258623603796637e-03	4.320258623603796908e-05
5.576608872324611416e-02	4.320258623603796637e-03	4.320258623603796908e-05
5.585726456213777752e-02	4.035490997171475684e-03	4.035490997171476064e-05
5.614243946424274379e-02	3.852532640764230829e-03	3.852532640764231019e-05
5.637847874878863103e-02	2.892346867684122969e-03	2.892346867684123036e-05
5.651634282992306496e-02	2.800149179375207003e-03	2.800149179375206922e-05
5.689480772856726765e-02	1.448434846561126501e-03	1.448434846561126589e-05
5.741325997956779614e-02	4.421061865772056695e-04	4.421061865772056932e-06
5.793149674769191432e-02	3.426040269383461272e-04	3.426040269383461306e-06
5.845184901350225504e-02	9.791917073551409563e-04	9.791917073551409766e-06
5.896964798900621030e-02	2.230883647357613606e-03	2.230883647357613511e-05
5.948722564021376169e-02	2.989587614603917819e-03	2.989587614603918036e-05
6.000458002455761469e-02	3.271133498127509146e-03	3.271133498127509200e-05
6.052403809856440886e-02	2.588186856969881908e-03	2.588186856969881841e-05
6.104093909725253481e-02	1.420167187572814226e-03	1.420167187572814219e-05
6.155761099769509193e-02	5.009029172728954532e-04	5.009029172728955041e-06
6.207405186072421921e-02	8.028015152680717135e-05	8.028015152680716923e-07
6.259025974803918146e-02	4.568053692511281696e-04	4.568053692511281459e-06
6.310855639040546805e-02	1.393030234944034459e-03	1.393030234944034554e-05
6.362429144362455324e-02	2.509037411802607191e-03	2.509037411802607408e-05
6.413978770278572217e-02	3.398903316754681072e-03	3.398903316754680964e-05
6.465504323313352175e-02	3.465614991967098848e-03	3.465614991967099200e-05
6.517237542667669858e-02	2.888954748605525660e-03	2.888954748605525769e-05
6.568714259259902932e-02	1.647439165838845802e-03	1.647439165838845884e-05
6.620166322219106503e-02	6.433719185739898792e-04	6.433719185739898893e-06
6.671593538435902082e-02	6.784238157194971502e-05	6.784238157194971332e-07
6.722995714894175467e-02	1.503839458178218760e-04	1.503839458178218794e-06
6.774604028968585212e-02	8.355919996945141304e-04	8.355919996945142253e-06
6.825955432272683143e-02	1.618040800491000802e-03	1.618040800491000978e-05
6.877512355442999548e-02	2.313425211603485632e-03	2.313425211603485550e-05
6.928581188921315026e-02	2.401620307647019982e-03	2.401620307647019928e-05
6.980086061789503304e-02	2.086153233337453838e-03	2.086153233337453716e-05
7.031333714798619627e-02	1.501578045459153960e-03	1.501578045459154061e-05
7.082554977875962776e-02	6.354569740572624291e-04	6.354569740572624800e-06
7.133749658778397451e-02	1.696059539298743011e-04	1.696059539298743045e-06
7.184917565362552994e-02	1.322926440653019592e-04	1.322926440653019685e-06
7.236288808882337942e-02	4.251455911842182069e-04	4.251455911842182543e-06
7.287402468033725433e-02	9.237870957380488060e-04	9.237870957380487722e-06
7.338488776178640760e-02	1.207594391980705041e-03	1.207594391980705007e-05
7.389547541580460122e-02	1.290135956226577283e-03	1.290135956226577385e-05
7.440808379079304202e-02	1.087739517870260457e-03	1.087739517870260484e-05
7.491811357973748864e-02	6.524175694502498376e-04	6.524175694502498342e-06
7.542786218676308940e-02	3.369504951406836397e-04	3.369504951406836651e-06
7.593732769868642707e-02	1.469918267392244051e-04	1.469918267392244000e-06
7.644650820338662334e-02	2.871994153212538143e-04	2.871994153212538415e-06
7.695769345125400007e-02	6.139735532261449873e-04	6.139735532261449839e-06
7.746629690408352031e-02	1.009720779062518465e-03	1.009720779062518418e-05
7.797460961117784473e-02	1.238123463688082550e-03	1.238123463688082618e-05
7.848262966474282842e-02	1.208725098340237549e-03	1.208725098340237543e-05
7.899264154056109821e-02	1.005197953624388432e-03	1.005197953624388445e-05
7.950006922834432221e-02	5.619610606876502537e-04	5.619610606876503011e-06
8.000948222558545986e-02	2.227491528279015973e-04	2.227491528279016074e-06
8.051402756395047156e-02	4.635896074083231384e-05	4.635896074083231257e-07
8.102055440619501669e-02	1.266391122676394716e-04	1.266391122676394818e-06
8.152905675475345670e-02	4.466290120153356487e-04	4.466290120153356656e-06
8.203497214335991883e-02	8.876044922330088641e-04	8.876044922330088234e-06
8.254057963912472817e-02	1.260737590878732283e-03	1.260737590878732310e-05
8.304587734440688207e-02	1.348932686922267067e-03	1.348932686922267026e-05
8.355313736649698508e-02	1.174803907554262733e-03	1.174803907554262834e-05
8.405780838572975144e-02	8.570754205256314638e-04	8.570754205256315519e-06
8.456216392003203242e-02	4.477597183748681571e-04	4.477597183748682011e-06
8.506620207646160836e-02	1.311619377057694779e-04	1.311619377057694754e-06
8.556992096326754282e-02	2.261412719064990613e-05	2.261412719064990709e-07
8.607558551777572120e-02	1.707366602894068094e-04	1.707366602894068188e-06
8.657865873543084401e-02	3.991393449149708943e-04	3.991393449149708706e-06
8.708140700692498792e-02	6.874694665957571628e-04	6.874694665957571628e-06
8.758382844534835787e-02	8.536833014470339388e-04	8.536833014470339456e-06
8.808818209739362193e-02	8.412455314921766722e-04	8.412455314921767332e-06
8.858994272039463769e-02	6.886001729552896711e-04	6.886001729552896982e-06
8.909137084850358990e-02	4.586315612358973087e-04	4.586315612358973324e-06
8.909362877868437502e-02	4.285377102628157319e-04	4.285377102628157760e-06
8.958795173985122096e-02	2.249671880651430377e-04	2.249671880651430478e-06
8.959246459976548393e-02	2.103113828730441680e-04	2.103113828730441833e-06
9.008420242168677095e-02	1.003075348847158517e-04	1.003075348847158433e-06
9.009322209348021027e-02	8.819509604353463494e-05	8.819509604353463155e-07
9.058012106489493620e-02	1.127735002027585663e-04	1.127735002027585680e-06
9.059589482361632418e-02	1.209855804699769977e-04	1.209855804699769951e-06
9.107570584158422577e-02	2.409120274254302808e-04	2.409120274254303011e-06
9.109597262934464312e-02	2.498861054566814724e-04	2.498861054566814843e-06
9.157095492509371992e-02	3.922430482630651668e-04	3.922430482630651770e-06
9.159570853457439654e-02	4.149692339484258486e-04	4.149692339484258587e-06
9.206586648999989797e-02	5.253099803789165658e-04	5.253099803789166166e-06
9.209510066370178716e-02	5.348241080588703785e-04	5.348241080588703819e-06
9.256043871212324414e-02	5.308181976124702909e-04	5.308181976124702842e-06
9.259639431469400550e-02	4.907265600371029865e-04	4.907265600371030238e-06
9.305466976853496441e-02	4.534132501725305904e-04	4.534132501725306243e-06
9.309509170031679548e-02	4.534132501725306446e-04	4.534132501725306243e-06
9.354855783756385601e-02	3.038216663560179076e-04	3.038216663560179280e-06
9.404210109880291324e-02	1.507512084972608183e-04	1.507512084972608301e-06
9.453529773311590556e-02	7.914438446106193095e-05	7.914438446106193477e-07
9.502814592264441362e-02	1.156725619046289729e-04	1.156725619046289661e-06
9.552064385081424081e-02	2.310552176390709119e-04	2.310552176390709305e-06
9.601278970234217169e-02	4.128263863463450334e-04	4.128263863463450504e-06
9.650458166324281384e-02	5.592290022908002079e-04	5.592290022908001774e-06
9.699601792083509255e-02	5.879297131393171859e-04	5.879297131393171994e-06
9.748709666374898164e-02	5.267595112298516539e-04	5.267595112298516675e-06
9.797781608193228964e-02	3.922430482630651668e-04	3.922430482630651770e-06
9.846817436665719625e-02	1.861197612600796840e-04	1.861197612600796959e-06
9.895816971052696920e-02	7.044719935545072469e-05	7.044719935545072977e-07
9.944780030748263944e-02	2.116315042365392079e-05	2.116315042365392175e-07
9.993706435280971800e-02	8.900119424742128631e-05	8.900119424742128419e-07
1.004259600431446214e-01	2.333744670005672101e-04	2.333744670005671982e-06
1.009144855764816107e-01	3.974613593264318852e-04	3.974613593264318852e-06
1.014026391521792442e-01	5.290787605913480334e-04	5.290787605913480199e-06
1.018904189709670810e-01	5.696656244175336446e-04	5.696656244175336785e-06
1.023778232349522727e-01	5.041468299552626315e-04	5.041468299552626552e-06
1.028648501476262384e-01	3.739789595412816255e-04	3.739789595412816137e-06
1.033514979138712847e-01	2.119214104067262689e-04	2.119214104067262774e-06
1.038377647399671838e-01	8.030400914181009360e-05	8.030400914181010037e-07
1.043236488335977791e-01	2.638146148702064252e-05	2.638146148702064316e-07
1.048091484038576188e-01	5.827114020759504404e-05	5.827114020759504913e-07
1.052942616612586313e-01	1.545199887096923401e-04	1.545199887096923392e-06
1.057789868177365367e-01	2.617852716788971541e-04	2.617852716788971762e-06
1.062633220866576189e-01	3.377406882679016040e-04	3.377406882679016158e-06
1.067472656828251931e-01	3.557148708194981385e-04	3.557148708194981351e-06
1.072308158224862668e-01	3.200564118864921846e-04	3.200564118864921829e-06
1.077139707233380483e-01	2.214883140228985769e-04	2.214883140228985616e-06
1.081967286045345394e-01	1.353861814773476971e-04	1.353861814773477073e-06
1.086790876866931405e-01	6.667841914301920287e-05	6.667841914301919949e-07
1.091610461919011454e-01	5.508217233553760355e-05	5.508217233553760694e-07
1.096426023437223202e-01	9.566903616172321473e-05	9.566903616172322320e-07
1.101237543672034802e-01	1.727840774314758543e-04	1.727840774314758602e-06
1.106045004888809302e-01	2.371432472129987590e-04	2.371432472129987708e-06
1.110848389367872086e-01	2.762805801882491194e-04	2.762805801882491245e-06
1.115647679404573878e-01	2.327946546601931423e-04	2.327946546601931525e-06
1.120442857309357082e-01	1.951068525358779242e-04	1.951068525358779343e-06
1.125233905407820728e-01	1.084249076499529767e-04	1.084249076499529708e-06
1.130020806040786668e-01	5.508217233553760355e-05	5.508217233553760694e-07
1.134803541564362445e-01	3.478874042244479796e-05	3.478874042244479881e-07
1.139582094350009012e-01	6.812794999395441295e-05	6.812794999395440914e-07
1.144356446784603465e-01	1.324871197754773041e-04	1.324871197754773092e-06
1.149126581270504960e-01	2.133709412576614655e-04	2.133709412576614553e-06
1.153892480225619660e-01	2.800493604006806412e-04	2.800493604006806548e-06
1.158654126083465269e-01	3.038216663560179076e-04	3.038216663560179280e-06
1.163411501293235839e-01	2.614953655087100932e-04	2.614953655087100898e-06
1.168164588319866443e-01	1.953967587060649581e-04	1.953967587060649784e-06
1.172913369644098119e-01	1.092946261605140783e-04	1.092946261605140817e-06
1.177657827762541437e-01	5.102348595291904786e-05	5.102348595291905379e-07
1.182397945187742827e-01	1.681455787084832105e-05	1.681455787084832190e-07
1.187133704448246896e-01	3.391902191188368276e-05	3.391902191188368255e-07
1.191865088088662344e-01	7.914438446106193095e-05	7.914438446106193477e-07
1.196592078669726222e-01	1.472723344550163304e-04	1.472723344550163439e-06
1.201314658768366933e-01	2.148204721085966891e-04	2.148204721085966755e-06
1.206032810977770292e-01	2.548275235944081783e-04	2.548275235944082037e-06
1.210746517907441977e-01	2.429413706167395451e-04	2.429413706167395671e-06
1.215455762183272614e-01	2.014847882799928051e-04	2.014847882799928187e-06
1.220160526447601756e-01	1.365458061580958598e-04	1.365458061580958623e-06
1.224860793359281719e-01	7.247654254676000253e-05	7.247654254676000635e-07
1.229556545593741279e-01	3.073005403982624227e-05	3.073005403982624036e-07
1.234247765843049793e-01	2.377230595533728335e-05	2.377230595533728378e-07
1.238934436815981172e-01	4.841433042123568869e-05	4.841433042123568911e-07
1.243616541238076884e-01	8.755166339648608978e-05	8.755166339648609571e-07
1.248294061851710213e-01	1.417641172214625781e-04	1.417641172214625705e-06
1.252966981416150094e-01	1.527805516885700826e-04	1.527805516885700961e-06
1.257635282707623980e-01	1.498814899866996895e-04	1.498814899866996980e-06
1.262298948519382513e-01	1.414742110512755171e-04	1.414742110512755265e-06
1.266957961661760446e-01	9.914791020396768911e-05	9.914791020396768826e-07
1.271612304962243256e-01	5.305282914422832570e-05	5.305282914422833036e-07
1.276261961265527933e-01	4.377583169824304489e-05	4.377583169824304786e-07
1.280906913433587924e-01	3.913733297525040110e-05	3.913733297525040131e-07
1.285547144345734194e-01	6.059038956909136933e-05	6.059038956909136975e-07
1.290182636898681567e-01	9.103053743873056416e-05	9.103053743873056077e-07
1.294813374006607842e-01	1.153826557344419254e-04	1.153826557344419221e-06
1.299439338601219851e-01	1.452429912637070661e-04	1.452429912637070779e-06
1.304060513631815355e-01	1.246596531804271995e-04	1.246596531804272046e-06
1.308676882065345493e-01	9.479931765116208597e-05	9.479931765116209105e-07
1.313288426886477789e-01	6.899766850451551461e-05	6.899766850451552011e-07
1.317895131097659434e-01	3.478874042244479796e-05	3.478874042244479881e-07
1.322496977719178901e-01	1.855399489197056162e-05	1.855399489197056237e-07
1.326676245110838537e-01	2.514832783434471384e-05	2.514832783434471426e-07
1.327093949789230065e-01	2.261268127458912071e-05	2.261268127458912082e-07
1.331268771066657364e-01	4.506347762223620034e-05	4.506347762223619970e-07
1.331686030363972151e-01	5.421245382497648835e-05	5.421245382497648538e-07
1.335856390139320560e-01	9.376110666562046769e-05	9.376110666562047277e-07
1.336273202517595238e-01	8.697185105611200846e-05	8.697185105611200762e-07
1.340439085419462273e-01	1.212352914094999654e-04	1.212352914094999730e-06
1.340855449342380767e-01	1.220504976487438539e-04	1.220504976487438505e-06
1.345016840015864912e-01	1.437670302206180487e-04	1.437670302206180597e-06
1.345432753948764271e-01	1.611878306239942550e-04	1.611878306239942677e-06
1.349589637055521874e-01	1.530704578587571165e-04	1.530704578587571190e-06
1.350005099465397262e-01	1.524906455183830487e-04	1.524906455183830521e-06
1.354157459683699438e-01	1.333006741277115940e-04	1.333006741277115914e-06
1.354572469039210525e-01	1.443732727531459373e-04	1.443732727531459458e-06
1.358720291063998387e-01	1.020469719058380957e-04	1.020469719058381076e-06
1.359134845835475447e-01	1.020469719058380957e-04	1.020469719058381076e-06
1.363278114378417838e-01	5.741959245413966883e-05	5.741959245413966502e-07
1.363692213037865086e-01	5.479226616535056289e-05	5.479226616535056289e-07
1.367830912827414369e-01	2.834638108495502433e-05	2.834638108495502517e-07
1.372378669629966963e-01	1.279221300244124196e-05	1.279221300244124100e-07
1.376921368023636683e-01	1.976978373104555637e-05	1.976978373104555668e-07
1.381458991264628844e-01	4.084786197370442634e-05	4.084786197370442719e-07
1.385991522627856576e-01	7.413668899142083807e-05	7.413668899142084485e-07
1.390518945406999385e-01	1.036459985311432560e-04	1.036459985311432577e-06
1.395041242914567547e-01	1.305387190476390332e-04	1.305387190476390324e-06
1.399558398481961230e-01	1.251601749443398859e-04	1.251601749443398986e-06
1.404070395459534604e-01	1.023377040195299357e-04	1.023377040195299280e-06
1.408577217216654964e-01	7.355522476403714464e-05	7.355522476403715099e-07
1.413078847141764627e-01	4.811616481600058069e-05	4.811616481600058451e-07
1.417575268642441988e-01	2.732881868703356082e-05	2.732881868703356357e-07
1.422066465145463698e-01	1.846148921943224953e-05	1.846148921943225080e-07
1.426552420096866280e-01	2.747418474387948418e-05	2.747418474387948439e-07
1.431033116962002194e-01	3.823127295047779912e-05	3.823127295047779955e-07
1.435508539225608671e-01	5.930935119313666910e-05	5.930935119313666741e-07
1.439978670391861559e-01	7.457278716195861153e-05	7.457278716195861789e-07
1.444443493984440829e-01	8.547524142540283967e-05	8.547524142540283798e-07
1.448902993546588303e-01	7.907913492418222547e-05	7.907913492418222674e-07
1.453357152641170102e-01	6.047227964790405597e-05	6.047227964790405512e-07
1.457805954850736052e-01	4.768006664546281401e-05	4.768006664546281676e-07
1.462249383777581291e-01	2.921857742603056448e-05	2.921857742603056596e-07
1.466687423043806504e-01	1.962441767419963301e-05	1.962441767419963322e-07
1.471120056291377320e-01	3.023613982395202798e-05	3.023613982395202756e-07
1.475547267182184541e-01	4.055712986001257963e-05	4.055712986001258026e-07
1.479969039398106867e-01	5.204104835084050797e-05	5.204104835084051009e-07
1.484385356641067799e-01	6.992107334288906407e-05	6.992107334288906704e-07
1.488796202633097809e-01	7.515425138934230496e-05	7.515425138934231174e-07
1.493201561116393739e-01	7.093863574081051742e-05	7.093863574081052335e-07
1.497601415853377915e-01	5.974544936367444256e-05	5.974544936367444045e-07
1.501995750626759774e-01	4.593567396331173371e-05	4.593567396331173519e-07
1.506384549239594139e-01	2.878247925549279440e-05	2.878247925549279292e-07
1.510767795515341183e-01	1.584490019620562909e-05	1.584490019620562845e-07
1.515145473297926648e-01	1.526343596882193904e-05	1.526343596882193989e-07
1.519517566451801249e-01	2.180490852688847999e-05	2.180490852688847989e-07
1.523884058861999236e-01	3.648688026832672560e-05	3.648688026832672857e-07
1.528244934434198898e-01	5.945471724998259585e-05	5.945471724998259881e-07
1.532600177094780303e-01	7.137473391134829088e-05	7.137473391134829638e-07
1.536949770790887460e-01	8.634743776647838659e-05	8.634743776647838405e-07
1.541293699490485503e-01	8.024206337894961233e-05	8.024206337894961445e-07
1.545631947182418975e-01	6.890351094496759718e-05	6.890351094496760014e-07
1.549964497876472613e-01	5.407617314668344176e-05	5.407617314668344388e-07
1.554291335603428803e-01	3.081760405133571803e-05	3.081760405133571612e-07
1.558612444415128639e-01	1.875222133312409625e-05	1.875222133312409773e-07
1.562927808384527162e-01	1.032099003606054826e-05	1.032099003606054873e-07
1.567237411605756081e-01	1.235611483190347188e-05	1.235611483190347326e-07
1.571541238194179013e-01	2.267710486796402014e-05	2.267710486796402067e-07
1.575839272286453374e-01	3.648688026832672560e-05	3.648688026832672857e-07
1.580131498040585059e-01	5.087811989607312111e-05	5.087811989607312238e-07
1.584417899635988947e-01	6.323423472797659638e-05	6.323423472797659299e-07
1.588698461273548024e-01	6.076301176159590268e-05	6.076301176159590734e-07
1.592973167175670279e-01	5.785569062467743552e-05	5.785569062467743806e-07
1.597242001586346438e-01	4.797079875915466073e-05	4.797079875915466369e-07
1.601504948771209358e-01	3.241663067664087835e-05	3.241663067664087687e-07
1.605761993017591760e-01	1.962441767419963301e-05	1.962441767419963322e-07
1.610013118634583684e-01	1.482733779828416728e-05	1.482733779828416685e-07
1.614258309953089665e-01	1.439123962774639720e-05	1.439123962774639646e-07
1.618497551325888129e-01	2.006051584473740308e-05	2.006051584473740361e-07
1.622730827127687736e-01	3.052687193764387809e-05	3.052687193764387978e-07
1.626958121755186504e-01	3.576004998409710542e-05	3.576004998409710860e-07
1.631179419627126481e-01	4.360981705377695998e-05	4.360981705377695977e-07
1.635394705184354813e-01	3.924883534839926602e-05	3.924883534839926644e-07
1.639603962889877309e-01	4.070249591685849960e-05	4.070249591685850108e-07
1.643807177228919780e-01	3.430638941563787862e-05	3.430638941563787926e-07
1.648004332708981889e-01	2.398539937957733036e-05	2.398539937957733184e-07
1.652195413859895157e-01	1.817075710574040282e-05	1.817075710574040388e-07
1.656380405233881248e-01	1.279221300244124196e-05	1.279221300244124100e-07
1.660559291405607207e-01	1.831612316258632617e-05	1.831612316258632734e-07
1.664732056972243468e-01	2.267710486796402014e-05	2.267710486796402067e-07
1.668898686553520194e-01	3.139906827871941146e-05	3.139906827871940998e-07
1.673059164791783626e-01	3.372492518825418519e-05	3.372492518825418540e-07
1.677213476352053534e-01	4.288298676954734658e-05	4.288298676954734510e-07
1.681361605922079283e-01	4.390054916746880670e-05	4.390054916746880670e-07
1.685503538212395347e-01	3.692297843886449907e-05	3.692297843886450161e-07
1.689639257956379592e-01	3.183516644925718492e-05	3.183516644925718302e-07
1.693768749910308236e-01	1.918831950366186293e-05	1.918831950366186283e-07
1.697891998853411633e-01	1.657173048043524588e-05	1.657173048043524577e-07
1.702008989587932286e-01	9.739525808676854825e-06	9.739525808676854878e-08
1.706119706939178970e-01	6.832204671758390205e-06	6.832204671758390894e-08
1.710224135755582797e-01	1.337367722982493708e-05	1.337367722982493751e-07
1.714322260908754947e-01	2.209564064058032671e-05	2.209564064058032681e-07
1.718414067293539682e-01	2.863711319864687104e-05	2.863711319864687210e-07
1.722499539828072634e-01	3.735907660940226575e-05	3.735907660940226406e-07
1.726578663453834095e-01	4.070249591685849960e-05	4.070249591685850108e-07
1.730651423135706468e-01	4.608104002015765368e-05	4.608104002015765601e-07
1.734717803862028396e-01	3.764980872309411247e-05	3.764980872309411099e-07
1.738777790644650267e-01	3.285272884717864504e-05	3.285272884717864462e-07
1.742831368518990010e-01	2.500296177749879048e-05	2.500296177749879345e-07
1.746878522544088319e-01	1.264684694559531860e-05	1.264684694559531754e-07
1.750919237802663064e-01	8.431231297063546297e-06	8.431231297063546350e-08
1.754953499401164241e-01	6.541472558066544336e-06	6.541472558066543966e-08
