Q(Å⁻¹)	Intensity	Error
3.379702842695678049e-03	7.522141561212496441e-01	7.522141561212497031e-03
3.937508591378512286e-03	8.095523143964646895e-01	8.095523143964647797e-03
4.504684869194422285e-03	8.324875777065506854e-01	8.324875777065506369e-03
5.062481437126163143e-03	8.362551917576060978e-01	8.362551917576061325e-03
5.629647135941454050e-03	8.324875777065506854e-01	8.324875777065506369e-03
6.187432076353455331e-03	8.256066766493518339e-01	8.256066766493519102e-03
6.754584708301889472e-03	8.144670136771974267e-01	8.144670136771973643e-03
7.312355574476512785e-03	8.018522967924770484e-01	8.018522967924769998e-03
7.879492651749170351e-03	7.902209491828007248e-01	7.902209491828007457e-03
8.437246997030509177e-03	7.800641187120683773e-01	7.800641187120684050e-03
9.004366031886706576e-03	7.681048024195035184e-01	7.681048024195035080e-03
9.562101409691327672e-03	7.563097388551935918e-01	7.563097388551935814e-03
1.012919991446951939e-02	7.445141385172621140e-01	7.445141385172620967e-03
1.068691387829718772e-02	7.328827909075855684e-01	7.328827909075855823e-03
1.125398936542587776e-02	7.196132102043315548e-01	7.196132102043315687e-03
1.181167946887029356e-02	7.078176098664000770e-01	7.078176098664000840e-03
1.237872945087896762e-02	6.938926285709906550e-01	6.938926285709906897e-03
1.293639324763848526e-02	6.799676472755813439e-01	6.799676472755813821e-03
1.350341523716849096e-02	6.648961175241163701e-01	6.648961175241163701e-03
1.406105028105687597e-02	6.506437043194401859e-01	6.506437043194402380e-03
1.462335597659458579e-02	6.350804899304532958e-01	6.350804899304533443e-03
1.519033131388071618e-02	6.172236418557333071e-01	6.172236418557333106e-03
1.575260417882828543e-02	5.990393618717466673e-01	5.990393618717467124e-03
1.631485976911392632e-02	5.795442807034492105e-01	5.795442807034491793e-03
1.687241222961373757e-02	5.585746823962075558e-01	5.585746823962075593e-03
1.743931665939028527e-02	5.354757031314881788e-01	5.354757031314882031e-03
1.799683180643074296e-02	5.107383834184667792e-01	5.107383834184667584e-03
1.856369705229174091e-02	4.801034245685661950e-01	4.801034245685661950e-03
1.912117244033864974e-02	4.511066988122431898e-01	4.511066988122432175e-03
1.968799601573579042e-02	4.167038038471141403e-01	4.167038038471141716e-03
2.025011342023259192e-02	3.801712058603342603e-01	3.801712058603342725e-03
2.081220861799713828e-02	3.388877319021794121e-01	3.388877319021794000e-03
2.136959715216269276e-02	2.979319045627401574e-01	2.979319045627401834e-03
2.193632992772929016e-02	2.497678516115595104e-01	2.497678516115595278e-03
2.249367136738802606e-02	2.104502573656977793e-01	2.104502573656977672e-03
2.306035501398620916e-02	1.716241330479092997e-01	1.716241330479092954e-03
2.361764691436590846e-02	1.422997606728707565e-01	1.422997606728707487e-03
2.418427894624395821e-02	1.185453808159959571e-01	1.185453808159959684e-03
2.474620143895514199e-02	1.001971701679271465e-01	1.001971701679271482e-03
2.530341444694663919e-02	8.659983549123330404e-02	8.659983549123330144e-04
2.586996439645826082e-02	7.775337678591441593e-02	7.775337678591441723e-04
2.642712175421429652e-02	7.087279779288861714e-02	7.087279779288862321e-04
2.699361387564087542e-02	6.317310225307402882e-02	6.317310225307402535e-04
2.755071313919670029e-02	5.498193678518615429e-02	5.498193678518616036e-04
2.811246382061625276e-02	4.842900441087586577e-02	4.842900441087586512e-04
2.811246382061625276e-02	4.721630542413938342e-02	4.721630542413938190e-04
2.867886454078826322e-02	4.498871491436296638e-02	4.498871491436296811e-04
2.873503478052401999e-02	4.550079122937384507e-02	4.550079122937384399e-04
2.923587208117022634e-02	4.285901189271212192e-02	4.285901189271212040e-04
2.936224757650795700e-02	4.182185616429862085e-02	4.182185616429862280e-04
2.980220876147766235e-02	3.859960584941043993e-02	3.859960584941044123e-04
2.998473997968163773e-02	3.519778979375885047e-02	3.519778979375884961e-04
3.035915209888585820e-02	3.188285016574239628e-02	3.188285016574239931e-04
3.060719199058500525e-02	2.767630125774924593e-02	2.767630125774924528e-04
3.092542225509896034e-02	2.565756441014761802e-02	2.565756441014761910e-04
3.123428239272477494e-02	2.358584111127071808e-02	2.358584111127071949e-04
3.148229894650741989e-02	2.369168469785453215e-02	2.369168469785453161e-04
3.185665078415297891e-02	2.414611019800050676e-02	2.414611019800050860e-04
3.204850009468825089e-02	2.352786138849677355e-02	2.352786138849677410e-04
3.247897626167062235e-02	2.320406483093272534e-02	2.320406483093272643e-04
3.260530769736335460e-02	2.320021476978125982e-02	2.320021476978125906e-04
3.310593662906757828e-02	1.902435828125830300e-02	1.902435828125830398e-04
3.317143735387666215e-02	1.992374858262611209e-02	1.992374858262611144e-04
3.372817342538786400e-02	1.566434253932442663e-02	1.566434253932442685e-04
3.372817342538786400e-02	1.366461595599371449e-02	1.366461595599371547e-04
3.429422910691198867e-02	1.206022973345376517e-02	1.206022973345376555e-04
3.435036478668023613e-02	1.148303721120516770e-02	1.148303721120516856e-04
3.485556887949863014e-02	1.107728987730722224e-02	1.107728987730722181e-04
3.497718748002014155e-02	1.224658977188115838e-02	1.224658977188115741e-04
3.541687042868030266e-02	1.222405304281152377e-02	1.222405304281152442e-04
3.559928509947352798e-02	1.405630850335347695e-02	1.405630850335347814e-04
3.597813313892106457e-02	1.304316958960030984e-02	1.304316958960030930e-04
3.622133476333523616e-02	1.325804900810130353e-02	1.325804900810130516e-04
3.653467969897429557e-02	1.222405304281152377e-02	1.222405304281152442e-04
3.684801214498139438e-02	1.042199663987619304e-02	1.042199663987619310e-04
3.710053958064956497e-02	1.042199663987619304e-02	1.042199663987619310e-04
3.746996300750470021e-02	7.640483740270796048e-03	7.640483740270796265e-05
3.765700606357316738e-02	7.800823690152077113e-03	7.800823690152076896e-05
3.809186339445689434e-02	6.708354640224780882e-03	6.708354640224780991e-05
3.822278328126032382e-02	6.981707143363291915e-03	6.981707143363292023e-05
3.871838782854317845e-02	8.007385620076142019e-03	8.007385620076141694e-05
3.877916724612007898e-02	7.473177071436562513e-03	7.473177071436563218e-05
3.934018435586141699e-02	9.861727553146407838e-03	9.861727553146408054e-05
3.934485931804344860e-02	8.947586855656377777e-03	8.947586855656378157e-05
3.990583292435331830e-02	1.009435002116067931e-02	1.009435002116067942e-04
3.996192788824416697e-02	9.251877131307791394e-03	9.251877131307791231e-05
4.046208853616030388e-02	9.275233474371893244e-03	9.275233474371893190e-05
4.058829174076806351e-02	8.116464557315570746e-03	8.116464557315570801e-05
4.102764823692858775e-02	6.817883834005535049e-03	6.817883834005535862e-05
4.120992635648677849e-02	5.558067665699910863e-03	5.558067665699910890e-05
4.158381522994313018e-02	5.507297359143475783e-03	5.507297359143475729e-05
4.183150545855132685e-02	4.338366822022677975e-03	4.338366822022677921e-05
4.214928358216626925e-02	4.524357502996933719e-03	4.524357502996934017e-05
4.245770109746696552e-02	4.982924178437476287e-03	4.982924178437476178e-05
4.270535951676782127e-02	5.015827431070205185e-03	5.015827431070205212e-05
4.307916622716453231e-02	6.549694367876522649e-03	6.549694367876522812e-05
4.327073404002498846e-02	5.998767287216747249e-03	5.998767287216747601e-05
4.370057332516569248e-02	6.807517310442442494e-03	6.807517310442443199e-05
4.382671647699246109e-02	6.162590596574505850e-03	6.162590596574505795e-05
4.432659312047683431e-02	6.083629817853515934e-03	6.083629817853515852e-05
4.439199469127436126e-02	5.834943977858991250e-03	5.834943977858991440e-05
4.494788119179676800e-02	4.541650295968883456e-03	4.541650295968883755e-05
4.494788119179676800e-02	5.179650740427962918e-03	5.179650740427962729e-05
4.551306061751662219e-02	3.869064265565904520e-03	3.869064265565904629e-05
4.556910871408515612e-02	2.801345433648929056e-03	2.801345433648929273e-05
4.606884874320380657e-02	3.049947718777118889e-03	3.049947718777119078e-05
4.619494503793813989e-02	2.508815556506828644e-03	2.508815556506828806e-05
4.663392690120812811e-02	2.558477790703846556e-03	2.558477790703846529e-05
4.681604848068137564e-02	3.277326250693703320e-03	3.277326250693703131e-05
4.718961421410146351e-02	3.049947718777118889e-03	3.049947718777119078e-05
4.743708885779566314e-02	3.525232926237856050e-03	3.525232926237855942e-05
4.775458862568100066e-02	3.705240956208147220e-03	3.705240956208147112e-05
4.806273408457239354e-02	4.045836944880577997e-03	4.045836944880578132e-05
4.831484124199647567e-02	4.032887574923662254e-03	4.032887574923662145e-05
4.868364533078949064e-02	3.495484125172557740e-03	3.495484125172557957e-05
4.887504087516462981e-02	3.377594337492632621e-03	3.377594337492632756e-05
4.930449099554869152e-02	2.365029684691219783e-03	2.365029684691219959e-05
4.943518691085782568e-02	2.394654481346089256e-03	2.394654481346089351e-05
4.992993750195950237e-02	1.373402982514607780e-03	1.373402982514607868e-05
4.999061152862584873e-02	1.247891315841789025e-03	1.247891315841789106e-05
5.055064898604286205e-02	1.284156579318712849e-03	1.284156579318712896e-05
5.055531573280362678e-02	1.247891315841789025e-03	1.247891315841789106e-05
5.111063100847518248e-02	1.903184553272818224e-03	1.903184553272818156e-05
5.117129237363846755e-02	1.983253404353224007e-03	1.983253404353224183e-05
5.167522279440087130e-02	2.230831171988331956e-03	2.230831171988331834e-05
5.179653253881508906e-02	2.736889698007449311e-03	2.736889698007449515e-05
5.223042629209147247e-02	2.230831171988331956e-03	2.230831171988331834e-05
5.241703669759115169e-02	2.915382504399239606e-03	2.915382504399239796e-05
5.279490318318926650e-02	2.722301100061603855e-03	2.722301100061604045e-05
5.303747024567934815e-02	2.092332341592651433e-03	2.092332341592651596e-05
5.335465684040761186e-02	2.067007862630575524e-03	2.067007862630575673e-05
5.366249645126766610e-02	1.497356320286684361e-03	1.497356320286684443e-05
5.390968810491885560e-02	1.739361243915060707e-03	1.739361243915060640e-05
5.428278572408908736e-02	9.222128330242492433e-04	9.222128330242492230e-06
5.447398801130064888e-02	1.084068006484031725e-03	1.084068006484031759e-05
5.490300187288290473e-02	1.026333636752793438e-03	1.026333636752793526e-05
5.503356429749147599e-02	9.202446971262743169e-04	9.202446971262744118e-06
5.552780650313584448e-02	1.408109917090789214e-03	1.408109917090789302e-05
5.558841785088886739e-02	1.247891315841789025e-03	1.247891315841789106e-05
5.614787333197359537e-02	1.968379003820575068e-03	1.968379003820575190e-05
5.676786452433495861e-02	2.285699548517090667e-03	2.285699548517090870e-05
5.739243996620527200e-02	1.804760597961434145e-03	1.804760597961434240e-05
5.801227679574071788e-02	1.229617110698999136e-03	1.229617110698999190e-05
5.863203547727263015e-02	7.238874925889267776e-04	7.238874925889267539e-06
5.925637412050568931e-02	7.883432282304066304e-04	7.883432282304065966e-06
5.987597339822266912e-02	1.199868309633700609e-03	1.199868309633700697e-05
6.049549201736115212e-02	1.487440053264918113e-03	1.487440053264918222e-05
6.111958625458759758e-02	1.814676864983200176e-03	1.814676864983200122e-05
6.173894043086444738e-02	1.532063254862865579e-03	1.532063254862865538e-05
6.235821143897066904e-02	1.269282178786063477e-03	1.269282178786063565e-05
6.298205366579916198e-02	4.858970840665399163e-04	4.858970840665399095e-06
6.360115519400071082e-02	4.313576154468263114e-04	4.313576154468262877e-06
6.422017104545284238e-02	6.792642909909792038e-04	6.792642909909791835e-06
6.484375366056274737e-02	9.395663003123400688e-04	9.395663003123401095e-06
6.546259499713222296e-02	1.170119508568402298e-03	1.170119508568402373e-05
6.608134814941747648e-02	1.021375503241910314e-03	1.021375503241910415e-05
6.670466355465140551e-02	7.338037596106929171e-04	7.338037596106929747e-06
6.732323715920245089e-02	4.239204151805016797e-04	4.239204151805017068e-06
6.794172007300892935e-02	2.950089438975420824e-04	2.950089438975421061e-06
6.856476067346536918e-02	3.768181468271125981e-04	3.768181468271126235e-06
6.918305900887379567e-02	6.346410893930317385e-04	6.346410893930317825e-06
6.980126414818237091e-02	8.552780306273279369e-04	8.552780306273279098e-06
7.042402235230824092e-02	8.106548290293803631e-04	8.106548290293804241e-06
7.104203788480395465e-02	6.296829558821486145e-04	6.296829558821485874e-06
7.165995771698011052e-02	3.594646795390218810e-04	3.594646795390219064e-06
7.228242593666321658e-02	2.479066755441530008e-04	2.479066755441530228e-06
7.290015113592200613e-02	2.925298771421005746e-04	2.925298771421005932e-06
7.351777813180757071e-02	5.206040186427214047e-04	5.206040186427214284e-06
7.413994878246910059e-02	7.957804284967310996e-04	7.957804284967310928e-06
7.475737612170434143e-02	7.387618931215760411e-04	7.387618931215760852e-06
7.537470275570928857e-02	5.900178877950841647e-04	5.900178877950842122e-06
7.599656825639622415e-02	3.842553470934371757e-04	3.842553470934371621e-06
7.661369021245061084e-02	1.239533377720765004e-04	1.239533377720765114e-06
7.723070896264475071e-02	1.462649385710502873e-04	1.462649385710502966e-06
7.785226173612218303e-02	2.379904085223869155e-04	2.379904085223869290e-06
7.846907078955947523e-02	4.511901494903585363e-04	4.511901494903585600e-06
7.908577413776401999e-02	6.024132215722917578e-04	6.024132215722917341e-06
7.939640394528964251e-02	5.422615855803060783e-04	5.422615855803060919e-06
7.970700661060754755e-02	5.032505513546306876e-04	5.032505513546307113e-06
8.009174524905653125e-02	3.909584547768398368e-04	3.909584547768398402e-06
8.032349524580408018e-02	3.644228130499049508e-04	3.644228130499049745e-06
8.078694931780112942e-02	2.197760805101444271e-04	2.197760805101444440e-06
8.093987567768336222e-02	1.685765393700240471e-04	1.685765393700240606e-06
8.148201496031018398e-02	7.730816902366889382e-05	7.730816902366889848e-07
8.156078028037137828e-02	9.420453670677814953e-05	9.420453670677815588e-07
8.217694098560768268e-02	1.214742710166349791e-04	1.214742710166349774e-06
8.217694098560768268e-02	1.137534487062556569e-04	1.137534487062556526e-06
8.279299099076065094e-02	2.677392095876852799e-04	2.677392095876852952e-06
8.287172620295678305e-02	2.341333119002543788e-04	2.341333119002543958e-06
8.341356015776650590e-02	3.916925473597617532e-04	3.916925473597617431e-06
8.356636942186200512e-02	3.688704064843629712e-04	3.688704064843629848e-06
8.426086945207109102e-02	3.567219799235007440e-04	3.567219799235007440e-06
8.495522510357719770e-02	2.319245070710066815e-04	2.319245070710066848e-06
8.564943518662085364e-02	8.945659558453114817e-05	8.945659558453114987e-07
8.634349851169194345e-02	4.417609658495365651e-05	4.417609658495365778e-07
8.703741388953191438e-02	1.203798631939987084e-04	1.203798631939987008e-06
8.773118013113570535e-02	2.473861408757404819e-04	2.473861408757404921e-06
8.842479604775373148e-02	3.467823581918861599e-04	3.467823581918861718e-06
8.911826045089406290e-02	2.319245070710066815e-04	2.319245070710066848e-06
8.981157215232431212e-02	1.468855211449709010e-04	1.468855211449709145e-06
9.050472996407378512e-02	5.522012073119206895e-05	5.522012073119207488e-07
9.119773269843552133e-02	6.626414487743047461e-05	6.626414487743047079e-07
9.189057916796812553e-02	1.413635090718516846e-04	1.413635090718516795e-06
9.258326818549818260e-02	2.650565795097218984e-04	2.650565795097218832e-06
9.327579856412181181e-02	2.904578350460702558e-04	2.904578350460702626e-06
9.396816911720715093e-02	1.998968370469152861e-04	1.998968370469152996e-06
9.466037865839614651e-02	8.283018109678809665e-05	8.283018109678810173e-07
9.535242600160659387e-02	3.865408451183444691e-05	3.865408451183444924e-07
9.604430996103424656e-02	6.295093763355895562e-05	6.295093763355895731e-07
9.673602935115478696e-02	1.435723139010993820e-04	1.435723139010993904e-06
9.742758298672585249e-02	2.330289094856305301e-04	2.330289094856305403e-06
9.811896968278925601e-02	1.965836298030437671e-04	1.965836298030437756e-06
9.881018825467266509e-02	1.457811187303470523e-04	1.457811187303470590e-06
9.950123751799187788e-02	5.853332797506359471e-05	5.853332797506359895e-07
1.001921162886528494e-01	1.987924346322914441e-05	1.987924346322914441e-07
1.008828233828536064e-01	5.190691348732054319e-05	5.190691348732054022e-07
1.015733576170864544e-01	1.071270342185126189e-04	1.071270342185126257e-06
1.022637178081396980e-01	1.700779718520715881e-04	1.700779718520715830e-06
1.029539027731000700e-01	1.557207404619616363e-04	1.557207404619616312e-06
1.036439113293543407e-01	8.172577868216426150e-05	8.172577868216426743e-07
1.043337422945917470e-01	3.313207243871523730e-05	3.313207243871523540e-07
1.050233944868056851e-01	2.208804829247682826e-05	2.208804829247682889e-07
1.057128667242959313e-01	7.289055936517352613e-05	7.289055936517352952e-07
1.064021578256706402e-01	1.247974728524940625e-04	1.247974728524940592e-06
1.070912666098482319e-01	1.435723139010993820e-04	1.435723139010993904e-06
1.077801918960596128e-01	1.203798631939987084e-04	1.203798631939987008e-06
1.084689325038501323e-01	5.301131590194438511e-05	5.301131590194438511e-07
1.091574872530814561e-01	1.767043863398146057e-05	1.767043863398145994e-07
1.098458549639338422e-01	3.423647485333908600e-05	3.423647485333908558e-07
1.105340344569079591e-01	6.515974246280663946e-05	6.515974246280663650e-07
1.112220245528269952e-01	1.225886680232463923e-04	1.225886680232463906e-06
1.119098240728387261e-01	1.557207404619616363e-04	1.557207404619616312e-06
1.125974318384173611e-01	1.027094245600172377e-04	1.027094245600172461e-06
1.132848466713657770e-01	4.196729175570597267e-05	4.196729175570597331e-07
1.139720673938173778e-01	1.214842656086225436e-05	1.214842656086225404e-07
1.146590928282381905e-01	1.104402414623841413e-05	1.104402414623841445e-07
1.153459217974288631e-01	5.190691348732054319e-05	5.190691348732054022e-07
1.160325531245266634e-01	9.056099799915499687e-05	9.056099799915499475e-07
1.167189856330075465e-01	9.056099799915499687e-05	9.056099799915499475e-07
1.174052181466881256e-01	9.166540041377883201e-05	9.166540041377882905e-07
1.180912494897276843e-01	3.534087726796292115e-05	3.534087726796291987e-07
1.187770784866302165e-01	1.214842656086225436e-05	1.214842656086225404e-07
1.194627039622464248e-01	2.319245070710066679e-05	2.319245070710066848e-07
1.201481247417757747e-01	5.301131590194438511e-05	5.301131590194438511e-07
1.208333396507683954e-01	6.847294970667817200e-05	6.847294970667817115e-07
1.215183475151272313e-01	8.283018109678809665e-05	8.283018109678810173e-07
1.222031471611100401e-01	4.969810865807285934e-05	4.969810865807286104e-07
1.228877374153311969e-01	1.435723139010993650e-05	1.435723139010993587e-07
1.235721171047640538e-01	9.939621731614572207e-06	9.939621731614572207e-08
1.242562850567425908e-01	2.981886519484371493e-05	2.981886519484371662e-07
1.249402400989637202e-01	5.301131590194438511e-05	5.301131590194438511e-07
1.256239810594891038e-01	7.841257143829274251e-05	7.841257143829274336e-07
1.263075067667472351e-01	7.620376660904504512e-05	7.620376660904504300e-07
1.269908160495354932e-01	3.865408451183444691e-05	3.865408451183444924e-07
1.276739077370219744e-01	1.656603621935761865e-05	1.656603621935761770e-07
1.283567806587477267e-01	7.730816902366890059e-06	7.730816902366890377e-08
1.290394336446286649e-01	1.546163380473378012e-05	1.546163380473378075e-07
1.297218655249574304e-01	6.184653521893512047e-05	6.184653521893512302e-07
1.304040751304056112e-01	6.074213280431127178e-05	6.074213280431127813e-07
1.310860612920256851e-01	4.859370624344901742e-05	4.859370624344901615e-07
1.317678228412529073e-01	4.086288934108213075e-05	4.086288934108213372e-07
1.324493586099074749e-01	1.987924346322914441e-05	1.987924346322914441e-07
1.331306674301964144e-01	6.626414487743048138e-06	6.626414487743048138e-08
1.338117481347156079e-01	2.540125553634835402e-05	2.540125553634835296e-07
1.344925995564519305e-01	3.423647485333908600e-05	3.423647485333908558e-07
1.351732205287848876e-01	4.307169417032980782e-05	4.307169417032980760e-07
1.358536098854891128e-01	4.086288934108213075e-05	4.086288934108213372e-07
1.365337664607359502e-01	3.644527968258676307e-05	3.644527968258676476e-07
1.372136890890956196e-01	9.939621731614572207e-06	9.939621731614572207e-08
1.378933766055392418e-01	1.104402414623841413e-05	1.104402414623841445e-07
1.385728278454408102e-01	1.546163380473378012e-05	1.546163380473378075e-07
1.392520416445791887e-01	4.528049899957749844e-05	4.528049899957749738e-07
1.399310168391399434e-01	4.748930382882518228e-05	4.748930382882518185e-07
1.406097522657176468e-01	3.644527968258676307e-05	3.644527968258676476e-07
1.412882467613176263e-01	1.987924346322914441e-05	1.987924346322914441e-07
1.419664991633580731e-01	4.417609658495365143e-06	4.417609658495364984e-08
1.426445083096719857e-01	5.522012073119207064e-06	5.522012073119207223e-08
1.433222730385091404e-01	1.987924346322914441e-05	1.987924346322914441e-07
1.439997921885382004e-01	3.534087726796292115e-05	3.534087726796291987e-07
1.446770645988485482e-01	4.196729175570597267e-05	4.196729175570597331e-07
1.453540891089523668e-01	3.202767002409140216e-05	3.202767002409140110e-07
1.460308645587865828e-01	1.546163380473378012e-05	1.546163380473378075e-07
1.467073897887149203e-01	5.522012073119207064e-06	5.522012073119207223e-08
1.473836636395299271e-01	6.626414487743048138e-06	6.626414487743048138e-08
1.480596849524546677e-01	2.650565795097219255e-05	2.650565795097219255e-07
1.487354525691451379e-01	3.423647485333908600e-05	3.423647485333908558e-07
1.494109653316918751e-01	2.761006036559603447e-05	2.761006036559603744e-07
1.500862220826222893e-01	3.313207243871523730e-05	3.313207243871523540e-07
1.507612216649022452e-01	1.435723139010993650e-05	1.435723139010993587e-07
1.514359629219383385e-01	4.417609658495365143e-06	4.417609658495364984e-08
1.521104446975799218e-01	6.626414487743048138e-06	6.626414487743048138e-08
1.527846658361207421e-01	1.325282897548609628e-05	1.325282897548609628e-07
1.534586251823013558e-01	1.877484104860530249e-05	1.877484104860530218e-07
1.541323215813107106e-01	4.196729175570597267e-05	4.196729175570597331e-07
1.548057538787884768e-01	2.650565795097219255e-05	2.650565795097219255e-07
1.554789209208266854e-01	1.104402414623841413e-05	1.104402414623841445e-07
1.561518215539720034e-01	2.945072369395300547e-06	2.945072369395300507e-08
1.568244546252275939e-01	3.681342118347747168e-06	3.681342118347747300e-08
1.574968189820548925e-01	1.914297592308152813e-05	1.914297592308152739e-07
1.581689134723759660e-01	2.871446278021987301e-05	2.871446278021987174e-07
1.588407369445752337e-01	1.914297592308152813e-05	1.914297592308152739e-07
1.595122882475014936e-01	2.135178075232920859e-05	2.135178075232920922e-07
1.601835662304699204e-01	1.251656143533848000e-05	1.251656143533847925e-07
1.608545697432639254e-01	9.571486857138348261e-06	9.571486857138348314e-08
1.615252976361373216e-01	8.098951776843112311e-06	8.098951776843112947e-08
1.621957487598161274e-01	1.104402414623841413e-05	1.104402414623841445e-07
1.628659219655006207e-01	2.282430920620995648e-05	2.282430920620995627e-07
1.635358161048672820e-01	3.828594301094373660e-05	3.828594301094373702e-07
1.642054300300707648e-01	2.208804829247682826e-05	2.208804829247682889e-07
1.648747625937458938e-01	1.104402414623841413e-05	1.104402414623841445e-07
1.655438126490095252e-01	5.153877198642983118e-06	5.153877198642983330e-08
1.662125790494625721e-01	4.417609658495365143e-06	4.417609658495364984e-08
1.668810606491921977e-01	1.325282897548609628e-05	1.325282897548609628e-07
1.675492563027732307e-01	1.767043863398146057e-05	1.767043863398145994e-07
1.682171648652707185e-01	2.576939703723906433e-05	2.576939703723906518e-07
1.688847851922415377e-01	2.429685312172450871e-05	2.429685312172450808e-07
1.695521161397364751e-01	1.767043863398146057e-05	1.767043863398145994e-07
1.702191565643021431e-01	4.417609658495365143e-06	4.417609658495364984e-08
1.708859053229828950e-01	4.417609658495365143e-06	4.417609658495364984e-08
1.715523612733229342e-01	1.104402414623841413e-05	1.104402414623841445e-07
1.722185232733682292e-01	1.472536626458616214e-05	1.472536626458616373e-07
1.728843901816682349e-01	1.104402414623841413e-05	1.104402414623841445e-07
1.735499608572782515e-01	2.503311403545764032e-05	2.503311403545764075e-07
1.742152341597609233e-01	1.693417109383384429e-05	1.693417109383384556e-07
1.748802089491888201e-01	5.153877198642983118e-06	5.153877198642983330e-08
1.755448840861455750e-01	2.945072369395300547e-06	2.945072369395300507e-08
1.762092584317284938e-01	1.251656143533848000e-05	1.251656143533847925e-07
1.768733308475503307e-01	1.251656143533848000e-05	1.251656143533847925e-07
1.775371001957410100e-01	1.251656143533848000e-05	1.251656143533847925e-07
1.782005653389498179e-01	1.030775660609079615e-05	1.030775660609079610e-07
1.788637251403474016e-01	1.398909651563371425e-05	1.398909651563371330e-07
1.795265784636274897e-01	7.362682027890666113e-06	7.362682027890666484e-08
1.801891241730090298e-01	3.681342118347747168e-06	3.681342118347747300e-08
1.808513611332379090e-01	6.626414487743048138e-06	6.626414487743048138e-08
1.815132882095892020e-01	1.030775660609079615e-05	1.030775660609079610e-07
1.821749042678689479e-01	1.987924346322914441e-05	1.987924346322914441e-07
1.828362081744159540e-01	1.693417109383384429e-05	1.693417109383384556e-07
1.834971987961041273e-01	1.325282897548609628e-05	1.325282897548609628e-07
1.841578750003439735e-01	5.153877198642983118e-06	5.153877198642983330e-08
1.848182356550848449e-01	5.890146947595430163e-06	5.890146947595430454e-08
1.854782796288167723e-01	3.681342118347747168e-06	3.681342118347747300e-08
1.861380057905723806e-01	5.153877198642983118e-06	5.153877198642983330e-08
1.867974130099289143e-01	1.251656143533848000e-05	1.251656143533847925e-07
1.874565001570100142e-01	1.619790134488139640e-05	1.619790134488139778e-07
1.881152661024878270e-01	5.890146947595430163e-06	5.890146947595430454e-08
1.887737097175849199e-01	1.016050221453933991e-05	1.016050221453934066e-07
1.894318298740761408e-01	2.650565795097218832e-06	2.650565795097218726e-08
1.900896254442904221e-01	4.859370624344902250e-06	4.859370624344902542e-08
1.907470953011130010e-01	7.951697385291657766e-06	7.951697385291657501e-08
1.914042383179872520e-01	1.281106800963655917e-05	1.281106800963655938e-07
1.920610533689165456e-01	1.192754607793748665e-05	1.192754607793748559e-07
1.927175393284661364e-01	1.148578511208795124e-05	1.148578511208795134e-07
1.933736950717652725e-01	7.951697385291657766e-06	7.951697385291657501e-08
1.940295194745089158e-01	6.184653521893511878e-06	6.184653521893512566e-08
1.946850114129598797e-01	5.742892556043975618e-06	5.742892556043975671e-08
1.953401697639506052e-01	6.184653521893511878e-06	6.184653521893512566e-08
1.959949934048850484e-01	7.509936419442120659e-06	7.509936419442120606e-08
1.966494812137408732e-01	1.016050221453933991e-05	1.016050221453934066e-07
1.973036320690709500e-01	1.104402414623841413e-05	1.104402414623841445e-07
1.979574448500056039e-01	9.276980282840267394e-06	9.276980282840268188e-08
1.986109184362545022e-01	5.301131590194437664e-06	5.301131590194437452e-08
1.992640517081085694e-01	2.208804829247682572e-06	2.208804829247682492e-08
1.999168435464415972e-01	4.417609658495365143e-06	4.417609658495364984e-08
2.005692928327125479e-01	7.068175453592585246e-06	7.068175453592585034e-08
2.012213984489674701e-01	1.060226318038887533e-05	1.060226318038887490e-07
2.018731592778411632e-01	1.546163380473378012e-05	1.546163380473378075e-07
2.025245742025590656e-01	7.951697385291657766e-06	7.951697385291657501e-08
2.031756421069396412e-01	3.092326760946755939e-06	3.092326760946756283e-08
2.038263618753956841e-01	3.092326760946755939e-06	3.092326760946756283e-08
2.044767323929366221e-01	5.301131590194437664e-06	5.301131590194437452e-08
2.051267525451702933e-01	7.509936419442120659e-06	7.509936419442120606e-08
2.057764212183048891e-01	8.835219316990730286e-06	8.835219316990729969e-08
2.064257372991509243e-01	1.016050221453933991e-05	1.016050221453934066e-07
2.070746996751228752e-01	4.859370624344902250e-06	4.859370624344902542e-08
2.077233072342414277e-01	4.859370624344902250e-06	4.859370624344902542e-08
2.083715588651352535e-01	3.092326760946755939e-06	3.092326760946756283e-08
2.090194534570428697e-01	4.417609658495365143e-06	4.417609658495364984e-08
2.096669898998144987e-01	3.975848692645828883e-06	3.975848692645828751e-08
2.103141670839140664e-01	7.068175453592585246e-06	7.068175453592585034e-08
2.109609839004211729e-01	5.742892556043975618e-06	5.742892556043975671e-08
2.116074392410328409e-01	8.393458351141194873e-06	8.393458351141194397e-08
2.122535319980654589e-01	7.509936419442120659e-06	7.509936419442120606e-08
2.128992610644566408e-01	6.184653521893511878e-06	6.184653521893512566e-08
2.135446253337672795e-01	2.208804829247682572e-06	2.208804829247682492e-08
2.141896237001832959e-01	4.417609658495365143e-06	4.417609658495364984e-08
2.148342550585175814e-01	3.092326760946755939e-06	3.092326760946756283e-08
2.154785183042118302e-01	5.742892556043975618e-06	5.742892556043975671e-08
2.161224123333385927e-01	7.951697385291657766e-06	7.951697385291657501e-08
2.167659360426029413e-01	3.975848692645828883e-06	3.975848692645828751e-08
2.174090883293445242e-01	5.301131590194437664e-06	5.301131590194437452e-08
2.180518680915394802e-01	5.742892556043975618e-06	5.742892556043975671e-08
2.186942742278022711e-01	6.184653521893511878e-06	6.184653521893512566e-08
2.193363056373873743e-01	3.534087726796292623e-06	3.534087726796292517e-08
2.199779612201915313e-01	5.301131590194437664e-06	5.301131590194437452e-08
2.206192398767553575e-01	5.742892556043975618e-06	5.742892556043975671e-08
2.212601405082653960e-01	5.742892556043975618e-06	5.742892556043975671e-08
2.219006620165558663e-01	5.301131590194437664e-06	5.301131590194437452e-08
2.225408033041105793e-01	3.092326760946755939e-06	3.092326760946756283e-08
2.231805632740649359e-01	3.975848692645828883e-06	3.975848692645828751e-08
2.250975443194913606e-01	6.626414487743048138e-06	6.626414487743048138e-08
2.257357680634935471e-01	5.522012073119207064e-06	5.522012073119207223e-08
2.263736050154103174e-01	7.730816902366890059e-06	7.730816902366890377e-08
