Q(Å⁻¹)	Intensity	Error
1.218781624863327908e-03	7.210644241297842205e-01	7.210644241297842379e-03
1.633573309987166938e-03	7.136465859604863571e-01	7.136465859604863675e-03
2.038120086754774841e-03	6.907996443990486179e-01	6.907996443990486318e-03
2.452904524247588591e-03	6.664691352037513949e-01	6.664691352037514088e-03
2.857442654976370417e-03	6.430287665887699511e-01	6.430287665887699823e-03
3.272216610265793729e-03	6.207752520808760277e-01	6.207752520808760242e-03
3.679303212065320253e-03	5.982250240462102520e-01	5.982250240462103075e-03
4.088942954725035932e-03	5.750813689580006605e-01	5.750813689580006396e-03
4.498574725781231097e-03	5.525311409233349957e-01	5.525311409233350096e-03
4.908197726635806640e-03	5.311677669957568515e-01	5.311677669957568480e-03
5.320371210889564446e-03	5.112879607020384132e-01	5.112879607020384340e-03
5.727414223434751719e-03	4.922982949886356430e-01	4.922982949886356430e-03
6.139566034851686588e-03	4.724184886949171491e-01	4.724184886949171422e-03
6.546586056707066198e-03	4.555058176689178451e-01	4.555058176689178763e-03
6.958712981244556672e-03	4.374062925358308540e-01	4.374062925358308818e-03
7.368266504126442032e-03	4.207903350366034578e-01	4.207903350366034613e-03
7.775246088715109458e-03	4.018006693232007431e-01	4.018006693232007570e-03
8.187329657034916192e-03	3.857781388775171627e-01	3.857781388775171575e-03
8.594278316264353582e-03	3.694588949050616744e-01	3.694588949050616692e-03
9.003769696739487294e-03	3.531396509326062416e-01	3.531396509326062676e-03
9.415802678448978447e-03	3.380072610672383848e-01	3.380072610672383779e-03
9.822698999470341058e-03	3.219847306215548044e-01	3.219847306215548217e-03
1.023213532518147707e-02	3.068523407561870031e-01	3.068523407561870187e-03
1.064411049077562330e-02	2.923133779443630731e-01	2.923133779443630800e-03
1.105094733421139487e-02	2.789612692396267191e-01	2.789612692396267399e-03
1.146287993983268957e-02	2.656091605348904761e-01	2.656091605348904865e-03
1.186967316573409731e-02	2.519603383033822142e-01	2.519603383033822142e-03
1.228155999904933203e-02	2.383115160718740355e-01	2.383115160718740286e-03
1.268830643516108414e-02	2.252561208939096449e-01	2.252561208939096640e-03
1.309758636410079426e-02	2.130908662962610334e-01	2.130908662962610525e-03
1.350939851661983951e-02	2.006288981718404585e-01	2.006288981718404654e-03
1.391351122890496610e-02	1.893537841545075706e-01	1.893537841545075854e-03
1.432782717186975065e-02	1.768918160300870512e-01	1.768918160300870634e-03
1.473444275734583052e-02	1.650232749592103476e-01	1.650232749592103407e-03
1.514614409584521745e-02	1.543415879954213032e-01	1.543415879954213032e-03
1.555270179167383623e-02	1.442533280851760746e-01	1.442533280851760868e-03
1.596434290714648235e-02	1.344617817017028094e-01	1.344617817017028025e-03
1.637339602660735707e-02	1.243735217914576086e-01	1.243735217914576077e-03
1.678241722529486002e-02	1.151754024615281452e-01	1.151754024615281443e-03
1.719140570580122290e-02	1.065707101851425392e-01	1.065707101851425453e-03
1.760036067078247710e-02	9.885615848907267078e-02	9.885615848907267772e-04
1.800928132296000100e-02	9.025146621268705094e-02	9.025146621268705701e-04
1.841305601579912993e-02	8.224020098984527460e-02	8.224020098984527894e-04
1.882701650012533548e-02	7.482236282054732790e-02	7.482236282054733267e-04
1.923327446570803623e-02	6.918480581188088396e-02	6.918480581188088179e-04
1.964460486043405688e-02	6.295382174967062427e-02	6.295382174967062081e-04
2.005589647677472054e-02	5.612941063391650720e-02	5.612941063391650633e-04
2.045437730447056610e-02	5.167870773233774334e-02	5.167870773233774074e-04
2.087325215901967082e-02	4.633786425044322116e-02	4.633786425044322203e-04
2.127676189770373941e-02	4.218387487563637211e-02	4.218387487563637233e-04
2.168789159975913899e-02	3.951345313468911102e-02	3.951345313468911298e-04
2.209387208645067699e-02	3.506275023311034023e-02	3.506275023311034196e-04
2.250491590025039193e-02	3.239232849216308607e-02	3.239232849216308802e-04
2.291336263695500572e-02	2.942519322444391017e-02	2.942519322444391277e-04
2.332176470288668466e-02	2.764491206381240393e-02	2.764491206381240653e-04
2.372756921594057836e-02	2.556791737640897941e-02	2.556791737640897897e-04
2.413587984342925596e-02	2.438106326932130627e-02	2.438106326932130725e-04
2.454414341678513856e-02	2.260078210868980003e-02	2.260078210868980101e-04
2.495235914007751937e-02	2.082050094805829379e-02	2.082050094805829477e-04
2.536307710706066018e-02	2.022707389451445723e-02	2.022707389451445755e-04
2.576864385321681050e-02	1.963364684097062413e-02	1.963364684097062575e-04
2.617926151326952638e-02	1.785336568033911789e-02	1.785336568033911951e-04
2.658472761729495717e-02	1.755665215356719960e-02	1.755665215356720090e-04
2.699524176833825381e-02	1.696322510002336303e-02	1.696322510002336368e-04
2.740060406832683579e-02	1.607308451970760818e-02	1.607308451970760786e-04
2.781101150908889263e-02	1.607308451970760818e-02	1.607308451970760786e-04
2.821881544854935170e-02	1.547965746616377335e-02	1.547965746616377335e-04
2.862656437398514511e-02	1.458951688584802023e-02	1.458951688584802023e-04
2.903425749046887119e-02	1.429280335907610368e-02	1.429280335907610433e-04
2.944189400318193359e-02	1.399608983230418539e-02	1.399608983230418572e-04
2.984947311741609904e-02	1.191909514490076087e-02	1.191909514490076087e-04
3.025190038946957982e-02	1.102895456458500775e-02	1.102895456458500775e-04
3.066700242210207428e-02	1.073224103781308773e-02	1.073224103781308779e-04
3.106931204769283056e-02	9.545386930725419800e-03	9.545386930725420125e-05
3.147919969934805107e-02	8.951959877181583231e-03	8.951959877181582905e-05
3.188138928398667749e-02	8.951959877181583231e-03	8.951959877181582905e-05
3.229624286100569314e-02	8.358532823637746662e-03	8.358532823637747041e-05
3.269830850593005017e-02	7.468392243321993543e-03	7.468392243321993922e-05
3.310540023750448146e-02	7.171678716550076126e-03	7.171678716550076668e-05
3.351497114373135772e-02	5.984824609462403855e-03	5.984824609462404261e-05
3.392193258960823909e-02	6.281538136234322139e-03	6.281538136234322194e-05
3.432882790294175535e-02	4.797970502374733319e-03	4.797970502374733211e-05
3.473565629046866665e-02	3.611116395287061916e-03	3.611116395287062160e-05
3.513987491681329345e-02	3.611116395287061916e-03	3.611116395287062160e-05
3.554656750412275162e-02	3.314402868515144932e-03	3.314402868515144905e-05
3.595319079157994341e-02	3.611116395287061916e-03	3.611116395287062160e-05
3.635974398645195477e-02	2.720975814971308797e-03	2.720975814971308702e-05
3.676876658601090780e-02	2.424262288199391380e-03	2.424262288199391447e-05
3.717009708597128481e-02	1.830835234655555461e-03	1.830835234655555583e-05
3.758151447425003150e-02	2.720975814971308797e-03	2.720975814971308702e-05
3.798777891382939392e-02	2.424262288199391380e-03	2.424262288199391447e-05
3.839396929428995353e-02	2.424262288199391380e-03	2.424262288199391447e-05
3.880008482374274620e-02	1.830835234655555461e-03	1.830835234655555583e-05
3.920612471044477437e-02	1.830835234655555461e-03	1.830835234655555583e-05
3.960955113022125024e-02	2.127548761427473529e-03	2.127548761427473515e-05
4.001543784190288167e-02	2.424262288199391380e-03	2.424262288199391447e-05
4.042378259883754738e-02	2.424262288199391380e-03	2.424262288199391447e-05
4.082951200007901849e-02	1.830835234655555461e-03	1.830835234655555583e-05
4.123262673966012620e-02	1.534121707883637394e-03	1.534121707883637312e-05
4.163819665651423418e-02	2.720975814971308797e-03	2.720975814971308702e-05
4.204621944528264682e-02	3.611116395287061916e-03	3.611116395287062160e-05
4.244909217231637028e-02	2.720975814971308797e-03	2.720975814971308702e-05
4.285694920360225146e-02	2.424262288199391380e-03	2.424262288199391447e-05
4.325965666157063905e-02	2.720975814971308797e-03	2.720975814971308702e-05
4.366734475482293015e-02	3.314402868515144932e-03	3.314402868515144905e-05
4.406988380333229371e-02	3.611116395287061916e-03	3.611116395287062160e-05
4.447739977931735450e-02	2.424262288199391380e-03	2.424262288199391447e-05
4.487976727928734422e-02	2.424262288199391380e-03	2.424262288199391447e-05
4.528457816884572107e-02	2.127548761427473529e-03	2.127548761427473515e-05
4.569183001080969614e-02	2.127548761427473529e-03	2.127548761427473515e-05
4.609646298294500788e-02	3.017689341743226648e-03	3.017689341743226634e-05
4.649847797397071297e-02	3.017689341743226648e-03	3.017689341743226634e-05
4.690545853629813494e-02	2.720975814971308797e-03	2.720975814971308702e-05
4.730981954033773584e-02	2.127548761427473529e-03	2.127548761427473515e-05
4.771156191969688071e-02	3.017689341743226648e-03	3.017689341743226634e-05
4.811826406153217606e-02	2.127548761427473529e-03	2.127548761427473515e-05
4.851982078339839299e-02	1.830835234655555461e-03	1.830835234655555583e-05
4.892380872132887082e-02	2.424262288199391380e-03	2.424262288199391447e-05
4.933022530670154449e-02	9.406946543398021256e-04	9.406946543398021256e-06
4.973402109476712796e-02	1.534121707883637394e-03	1.534121707883637312e-05
5.013519710885977476e-02	2.127548761427473529e-03	2.127548761427473515e-05
5.054132100680975431e-02	9.406946543398021256e-04	9.406946543398021256e-06
5.094230197359057855e-02	1.534121707883637394e-03	1.534121707883637312e-05
5.134570582734439975e-02	1.237408181111720193e-03	1.237408181111720227e-05
5.175152991204704650e-02	1.237408181111720193e-03	1.237408181111720227e-05
5.215221244534814365e-02	2.424262288199391380e-03	2.424262288199391447e-05
5.255783269835376942e-02	1.237408181111720193e-03	1.237408181111720227e-05
5.296083078816335443e-02	9.406946543398021256e-04	9.406946543398021256e-06
5.336120785763393687e-02	9.406946543398021256e-04	9.406946543398021256e-06
5.376651643276956355e-02	1.534121707883637394e-03	1.534121707883637312e-05
5.416668595657771895e-02	1.534121707883637394e-03	1.534121707883637312e-05
5.457178279528007714e-02	9.406946543398021256e-04	9.406946543398021256e-06
5.497174165282347341e-02	6.439811275678844916e-04	6.439811275678845322e-06
5.537662359606604356e-02	6.439811275678844916e-04	6.439811275678845322e-06
5.577636866838514562e-02	1.534121707883637394e-03	1.534121707883637312e-05
5.617851945995157303e-02	1.237408181111720193e-03	1.237408181111720227e-05
5.658307314050228104e-02	1.237408181111720193e-03	1.237408181111720227e-05
