Q(Å⁻¹)	Intensity	Error
1.230926281653658971e-03	7.634812079221465764e-01	7.634812079221465694e-03
1.655915936962821557e-03	7.717499574664297146e-01	7.717499574664297111e-03
2.065353992424831357e-03	7.552124583778633271e-01	7.552124583778633410e-03
2.482562144095221655e-03	7.359187094412026342e-01	7.359187094412026481e-03
2.894582779521221155e-03	7.182787104133985245e-01	7.182787104133985662e-03
3.309189112517181910e-03	6.973312115678810263e-01	6.973312115678810021e-03
3.723788994079636760e-03	6.785887126008393055e-01	6.785887126008392951e-03
4.138381615924901363e-03	6.576412137553219184e-01	6.576412137553219045e-03
4.552966169783445420e-03	6.394499647578989476e-01	6.394499647578989233e-03
4.970132915775308385e-03	6.201562158212381437e-01	6.201562158212381437e-03
5.379516834828220427e-03	6.025162167934340340e-01	6.025162167934340618e-03
5.799254278172441025e-03	5.837737178263922022e-01	5.837737178263921814e-03
6.211207540543396341e-03	5.655824688289692315e-01	5.655824688289692002e-03
6.628330416819764453e-03	5.495962197100217050e-01	5.495962197100217293e-03
7.040258804300225139e-03	5.347124705303119008e-01	5.347124705303118834e-03
7.457354866415007687e-03	5.181749714417456243e-01	5.181749714417456000e-03
7.871845687519975557e-03	5.005349724139416256e-01	5.005349724139416048e-03
8.283730739669073820e-03	4.850999732646129048e-01	4.850999732646129464e-03
8.698190163076534656e-03	4.696649741152843505e-01	4.696649741152843748e-03
9.112632628917186409e-03	4.542299749659557961e-01	4.542299749659558031e-03
9.529647426027739593e-03	4.387949758166271308e-01	4.387949758166271447e-03
9.938873477079742877e-03	4.228087266976797154e-01	4.228087266976797605e-03
1.035844005595969002e-02	4.073737275483510500e-01	4.073737275483510153e-03
1.077280648339623212e-02	3.946949782471169121e-01	3.946949782471169399e-03
1.117938313008182138e-02	3.803624790370260245e-01	3.803624790370260366e-03
1.160406497638471861e-02	3.649274798876974701e-01	3.649274798876974649e-03
1.201318721244285653e-02	3.500437307079877769e-01	3.500437307079877925e-03
1.243523241209249473e-02	3.351599815282780281e-01	3.351599815282780333e-03
1.283654041113124061e-02	3.230324821966627513e-01	3.230324821966627704e-03
1.326112457851068641e-02	3.092512329561907802e-01	3.092512329561907664e-03
1.366756081476367193e-02	2.954699837157187536e-01	2.954699837157187623e-03
1.408691397733593045e-02	2.833424843841034768e-01	2.833424843841034994e-03
1.449847396883103753e-02	2.717662350221070056e-01	2.717662350221070056e-03
1.491259420908165254e-02	2.574337358120161734e-01	2.574337358120161890e-03
1.532927335314471923e-02	2.425499866323064524e-01	2.425499866323064732e-03
1.574333445108302629e-02	2.309737372703100089e-01	2.309737372703100228e-03
1.615736485658523722e-02	2.199487378779324542e-01	2.199487378779324716e-03
1.656877636880289481e-02	2.083724885159360107e-01	2.083724885159360211e-03
1.698533036164892943e-02	1.962449891843207062e-01	1.962449891843207148e-03
1.739667686726484308e-02	1.841174898527053461e-01	1.841174898527053435e-03
1.781316341169446663e-02	1.725412404907089303e-01	1.725412404907089364e-03
1.822702824866606966e-02	1.615162410983313757e-01	1.615162410983313852e-03
1.863568490744637110e-02	1.526962415844292931e-01	1.526962415844293009e-03
1.905723660228943531e-02	1.427737421312894883e-01	1.427737421312894831e-03
1.946323461028781968e-02	1.317487427389119337e-01	1.317487427389119319e-03
1.988212418385184449e-02	1.229287432250098649e-01	1.229287432250098693e-03
2.029321790878299558e-02	1.163137435895833377e-01	1.163137435895833386e-03
2.070944281065026371e-02	1.085962440149190328e-01	1.085962440149190310e-03
2.112045709840082441e-02	1.003274944706358668e-01	1.003274944706358677e-03
2.153659994105355108e-02	9.205874492635267303e-02	9.205874492635267173e-04
2.195270027052885140e-02	8.654624523016389570e-02	8.654624523016389613e-04
2.235842097719011393e-02	7.993124559473736845e-02	7.993124559473736542e-04
2.277960251734561029e-02	7.552124583778632716e-02	7.552124583778633410e-04
2.318782039474943241e-02	6.890624620235979991e-02	6.890624620235980338e-04
2.360374389322893174e-02	6.449624644540877250e-02	6.449624644540877206e-04
2.401703785711675060e-02	6.118874662769550193e-02	6.118874662769550670e-04
2.442770235099470805e-02	5.788124680998222443e-02	5.788124680998223050e-04
2.484090216452485705e-02	5.402249702265007891e-02	5.402249702265007674e-04
2.525663559162175803e-02	4.961249726569905150e-02	4.961249726569905627e-04
2.566715570029576982e-02	4.630499744798578093e-02	4.630499744798578007e-04
2.608537064303136088e-02	4.409999756951026723e-02	4.409999756951026983e-04
2.649062798007198113e-02	4.244624766065363541e-02	4.244624766065363715e-04
2.691132023522746844e-02	4.024124778217812171e-02	4.024124778217812149e-04
2.731647541449554184e-02	3.803624790370260106e-02	3.803624790370260041e-04
2.773447986443695196e-02	3.638249799484596925e-02	3.638249799484596773e-04
2.814468959648205870e-02	3.417749811637045554e-02	3.417749811637045749e-04
2.856000398354963110e-02	3.362624814675158058e-02	3.362624814675157993e-04
2.897010385782197023e-02	3.252374820751382373e-02	3.252374820751382481e-04
2.938530538601415165e-02	3.086999829865718845e-02	3.086999829865718671e-04
2.979529220447251284e-02	2.866499842018167474e-02	2.866499842018167647e-04
3.020779964878643128e-02	2.756249848094391441e-02	2.756249848094391593e-04
3.061767058254081728e-02	2.701124851132503946e-02	2.701124851132503837e-04
3.103521429932117048e-02	2.480624863284952575e-02	2.480624863284952813e-04
3.144496541557945807e-02	2.370374869361176889e-02	2.370374869361177030e-04
3.185980894384254219e-02	2.204999878475513361e-02	2.204999878475513491e-04
3.226943741555277773e-02	2.094749884551737676e-02	2.094749884551737708e-04
3.268415513917380388e-02	2.094749884551737676e-02	2.094749884551737708e-04
3.309623305943571597e-02	1.874249896704186305e-02	1.874249896704186413e-04
3.350567157519497574e-02	1.708874905818522777e-02	1.708874905818522875e-04
3.391762005739785285e-02	1.708874905818522777e-02	1.708874905818522875e-04
3.433207647058470618e-02	1.598624911894747438e-02	1.598624911894747363e-04
3.474131784641028980e-02	1.598624911894747438e-02	1.598624911894747363e-04
3.515306554737885475e-02	1.433249921009083737e-02	1.433249921009083824e-04
3.556474471564735618e-02	1.322999927085308051e-02	1.322999927085308041e-04
3.597892689036777392e-02	1.322999927085308051e-02	1.322999927085308041e-04
3.638789424386094234e-02	1.267874930123420209e-02	1.267874930123420285e-04
3.680193445399349006e-02	1.322999927085308051e-02	1.322999927085308041e-04
3.721333101601405347e-02	1.212749933161532366e-02	1.212749933161532393e-04
3.762208448061667154e-02	1.047374942275868838e-02	1.047374942275868854e-04
3.803333560308891359e-02	1.102499939237756681e-02	1.102499939237756746e-04
3.844708219887180145e-02	8.819999513902053098e-03	8.819999513902053152e-05
3.885561460262106082e-02	1.212749933161532366e-02	1.212749933161532393e-04
3.926920955093181342e-02	1.157624936199644523e-02	1.157624936199644502e-04
3.967759059826525547e-02	9.922499453139811687e-03	9.922499453139812338e-05
4.008846296643135687e-02	9.922499453139811687e-03	9.922499453139812338e-05
4.049925718008759445e-02	1.102499939237756681e-02	1.102499939237756746e-04
4.091253915877232639e-02	1.102499939237756681e-02	1.102499939237756746e-04
4.132060794056698766e-02	1.157624936199644523e-02	1.157624936199644502e-04
4.173116288612481461e-02	9.922499453139811687e-03	9.922499453139812338e-05
4.214163647464522211e-02	1.047374942275868838e-02	1.047374942275868854e-04
4.255202790588892559e-02	1.047374942275868838e-02	1.047374942275868854e-04
4.296233637977685954e-02	1.157624936199644523e-02	1.157624936199644502e-04
4.337512473581121158e-02	1.102499939237756681e-02	1.102499939237756746e-04
4.378270125597919643e-02	1.102499939237756681e-02	1.102499939237756746e-04
4.419531863138110445e-02	9.922499453139811687e-03	9.922499453139812338e-05
4.460272470588210608e-02	9.371249483520931525e-03	9.371249483520932067e-05
4.501516788297838662e-02	1.047374942275868838e-02	1.047374942275868854e-04
4.542496126925935074e-02	1.047374942275868838e-02	1.047374942275868854e-04
4.583210571874252182e-02	8.819999513902053098e-03	8.819999513902053152e-05
4.624172175067171875e-02	9.371249483520931525e-03	9.371249483520932067e-05
4.665380688359602873e-02	9.371249483520931525e-03	9.371249483520932067e-05
4.706068256433020708e-02	1.157624936199644523e-02	1.157624936199644502e-04
4.747002574945351216e-02	9.922499453139811687e-03	9.922499453139812338e-05
4.788183391314250470e-02	8.819999513902053098e-03	8.819999513902053152e-05
4.829099062401939757e-02	7.717499574664297111e-03	7.717499574664296678e-05
4.869749684211973489e-02	9.371249483520931525e-03	9.371249483520932067e-05
4.910902081101300304e-02	9.371249483520931525e-03	9.371249483520932067e-05
4.951533754204420767e-02	8.819999513902053098e-03	8.819999513902053152e-05
4.992666803599734443e-02	8.268749544283174671e-03	8.268749544283174237e-05
5.033534604506262333e-02	6.063749665807661830e-03	6.063749665807661966e-05
5.074137260494714086e-02	6.614999635426540257e-03	6.614999635426540203e-05
5.115240687264749342e-02	9.371249483520931525e-03	9.371249483520932067e-05
5.155823602693882651e-02	8.268749544283174671e-03	8.268749544283174237e-05
5.196906880348813734e-02	6.614999635426540257e-03	6.614999635426540203e-05
5.237469738744901515e-02	6.063749665807661830e-03	6.063749665807661966e-05
5.278532546909076029e-02	7.166249605045418684e-03	7.166249605045419118e-05
5.319329983813631674e-02	8.268749544283174671e-03	8.268749544283174237e-05
5.359862163614732139e-02	7.166249605045418684e-03	7.166249605045419118e-05
5.400893667188285535e-02	6.614999635426540257e-03	6.614999635426540203e-05
5.441404999461710301e-02	6.063749665807661830e-03	6.063749665807661966e-05
5.482415233309199248e-02	7.166249605045418684e-03	7.166249605045419118e-05
5.523160023723554246e-02	9.371249483520931525e-03	9.371249483520932067e-05
5.563384937952207954e-02	8.819999513902053098e-03	8.819999513902053152e-05
5.604871707661666230e-02	8.268749544283174671e-03	8.268749544283174237e-05
5.644820635884142956e-02	6.614999635426540257e-03	6.614999635426540203e-05
5.686030714525388413e-02	6.614999635426540257e-03	6.614999635426540203e-05
5.726212314370832807e-02	7.717499574664297111e-03	7.717499574664296678e-05
5.767399866151114857e-02	7.717499574664297111e-03	7.717499574664296678e-05
5.807813477500522320e-02	7.717499574664297111e-03	7.717499574664296678e-05
5.848469975095225981e-02	7.166249605045418684e-03	7.166249605045419118e-05
5.889369066626343185e-02	7.166249605045418684e-03	7.166249605045419118e-05
5.930002609192193408e-02	8.268749544283174671e-03	8.268749544283174237e-05
5.970370739594049042e-02	8.268749544283174671e-03	8.268749544283174237e-05
6.011234932598689268e-02	8.268749544283174671e-03	8.268749544283174237e-05
6.051579850239303948e-02	7.166249605045418684e-03	7.166249605045419118e-05
6.092420379187650503e-02	8.819999513902053098e-03	8.819999513902053152e-05
6.132741769449251423e-02	1.047374942275868838e-02	1.047374942275868854e-04
