Q(Å⁻¹)	Intensity	Error
3.315930352642955988e-03	5.773128643656860737e-01	5.773128643656861084e-03
3.863210719889932122e-03	7.050023022763610703e-01	7.050023022763611188e-03
4.419684801323894505e-03	7.630007971444399129e-01	7.630007971444399163e-03
4.966956161053751734e-03	7.846925165052781592e-01	7.846925165052781592e-03
5.523419863105003165e-03	7.911542121919972193e-01	7.911542121919972956e-03
6.070679814717808674e-03	7.894620433472888665e-01	7.894620433472889290e-03
6.622531958273131930e-03	7.840775489775616558e-01	7.840775489775617113e-03
7.178975514538641495e-03	7.737697858838944454e-01	7.737697858838944384e-03
7.726213852963343190e-03	7.650009538247505292e-01	7.650009538247505743e-03
8.282640927649824111e-03	7.560778758119335308e-01	7.560778758119335308e-03
8.829861856699610170e-03	7.466935721533290993e-01	7.466935721533291513e-03
9.386270009045684717e-03	7.376167522585829195e-01	7.376167522585829091e-03
9.933471128341839901e-03	7.270015054010574573e-01	7.270015054010574990e-03
1.048985791766913686e-02	7.159250328977446731e-01	7.159250328977446662e-03
1.103703682691983302e-02	7.062327414035380890e-01	7.062327414035380821e-03
1.159339981264368401e-02	6.959254823816148905e-01	6.959254823816148766e-03
1.214515199229332723e-02	6.848490098783022173e-01	6.848490098783022173e-03
1.269689085329468205e-02	6.730028198218558355e-01	6.730028198218558633e-03
1.324401814197922675e-02	6.614646176010116063e-01	6.614646176010116271e-03
1.380032619917055149e-02	6.488497181349196508e-01	6.488497181349196265e-03
1.434742407756083200e-02	6.357730889512963612e-01	6.357730889512963959e-03
1.490370101006402090e-02	6.216192584506812224e-01	6.216192584506812467e-03
1.545076707832107772e-02	6.068504604223495802e-01	6.068504604223495628e-03
1.600701044603334774e-02	5.910049651487699895e-01	5.910049651487700277e-03
1.655404230445775907e-02	5.746972360859150530e-01	5.746972360859150218e-03
1.711024966742356532e-02	5.562361125325644418e-01	5.562361125325644869e-03
1.766184143534297105e-02	5.365445498520368117e-01	5.365445498520368152e-03
1.820881747991313568e-02	5.153140561369861095e-01	5.153140561369860817e-03
1.876496626119100036e-02	4.917762244208128131e-01	4.917762244208128547e-03
1.931190209735950472e-02	4.663921795349557642e-01	4.663921795349557607e-03
1.986800877471640511e-02	4.382389661160960848e-01	4.382389661160960605e-03
2.041490200335508917e-02	4.074704268605117696e-01	4.074704268605117488e-03
2.097096413743507193e-02	3.714712359314780721e-01	3.714712359314780842e-03
2.151781235960266783e-02	3.362412584838340712e-01	3.362412584838340903e-03
2.207382751124516845e-02	2.939345170074055824e-01	2.939345170074055859e-03
2.262062832819783376e-02	2.560892137230368348e-01	2.560892137230368504e-03
2.317659405844836595e-02	2.136286295503304900e-01	2.136286295503304813e-03
2.372334507165020298e-02	1.796293936729097818e-01	1.796293936729097956e-03
2.427925894177106886e-02	1.473224274545462398e-01	1.473224274545462511e-03
2.482595775290464754e-02	1.250152364942475891e-01	1.250152364942476012e-03
2.538181732438563737e-02	1.045541578892840301e-01	1.045541578892840223e-03
2.592846153536248685e-02	9.009294443915938366e-02	9.009294443915938019e-04
2.648426436993158231e-02	7.886242761087111641e-02	7.886242761087112292e-04
2.703085158290276235e-02	7.086260740441918671e-02	7.086260740441918541e-04
2.758200244492684319e-02	5.725708736354897382e-02	5.725708736354897990e-04
2.758659524253679815e-02	6.240125910913350143e-02	6.240125910913350187e-04
2.813312305990338380e-02	5.470912429523740877e-02	5.470912429523741311e-04
2.822497351261056206e-02	5.028025975164095163e-02	5.028025975164095076e-04
2.868880510683877519e-02	4.840157374784263139e-02	4.840157374784263291e-04
2.886790245098836902e-02	4.580987533243767451e-02	4.580987533243767733e-04
2.923527113126236227e-02	4.547856251856211701e-02	4.547856251856211853e-04
2.951078830040832629e-02	4.311839270939901020e-02	4.311839270939900868e-04
2.979088912800580136e-02	4.270939398555952810e-02	4.270939398555952853e-04
3.015363010128285087e-02	3.798354851763307422e-02	3.798354851763307768e-04
3.033729096241905704e-02	3.870948388233356324e-02	3.870948388233356519e-04
3.079642689409007456e-02	3.048945158910980682e-02	3.048945158910980682e-04
3.089284247175816747e-02	3.240193333493877892e-02	3.240193333493877957e-04
3.143917771937533578e-02	2.506863736864600734e-02	2.506863736864601037e-04
3.143917771937533578e-02	2.732512435776736359e-02	2.732512435776736186e-04
3.199466030438939679e-02	2.517132660987645917e-02	2.517132660987645852e-04
3.208188161775256397e-02	2.475743469035716557e-02	2.475743469035716492e-04
3.254092656871677980e-02	2.532516930615438117e-02	2.532516930615438290e-04
3.272453762990575055e-02	2.532516930615438117e-02	2.532516930615438290e-04
3.309633779278740862e-02	2.455595582476477468e-02	2.455595582476477728e-04
3.336714479659034366e-02	2.138046508676334431e-02	2.138046508676334453e-04
3.364253267763392397e-02	2.101757381037257580e-02	2.101757381037257623e-04
3.400970215863472618e-02	1.534145095132035536e-02	1.534145095132035655e-04
3.419787010445577563e-02	1.609460752947908593e-02	1.609460752947908561e-04
3.465220875694158958e-02	1.294434924017654961e-02	1.294434924017654940e-04
3.474399121394342038e-02	1.301775360392064956e-02	1.301775360392064956e-04
3.529466363248942584e-02	1.224854012253104134e-02	1.224854012253104123e-04
3.529466363248942584e-02	1.289808938259307328e-02	1.289808938259307252e-04
3.584988579607659154e-02	1.347928169275441380e-02	1.347928169275441456e-04
3.593706582633392210e-02	1.382749197586111145e-02	1.382749197586111221e-04
3.640047987082298958e-02	1.394080978158817978e-02	1.394080978158817956e-04
3.657941437960936931e-02	1.335648251682934433e-02	1.335648251682934465e-04
3.695103402798009112e-02	1.255622551508688532e-02	1.255622551508688456e-04
3.722170833353016794e-02	1.032015368271385798e-02	1.032015368271385858e-04
3.750154766379778376e-02	9.787056982084294671e-03	9.787056982084294562e-05
3.786394672939220191e-02	7.775861515622625557e-03	7.775861515622626099e-05
3.804743307522962664e-02	8.094787323027156228e-03	8.094787323027156228e-05
3.850612860857424713e-02	7.031498352688496205e-03	7.031498352688496638e-05
3.859786420752986391e-02	7.479416537915469995e-03	7.479416537915469562e-05
3.914825301253947731e-02	8.045009777926491121e-03	8.045009777926491338e-05
3.915283940638352583e-02	7.787101930471312244e-03	7.787101930471312895e-05
3.970318492024084434e-02	8.710158108138842462e-03	8.710158108138842895e-05
3.979031898283686558e-02	9.340285790263845936e-03	9.340285790263846695e-05
4.025348689468785657e-02	9.171686196972606703e-03	9.171686196972606540e-05
4.043232556110255838e-02	9.352902115059338536e-03	9.352902115059339404e-05
4.080374472625096505e-02	8.710158108138842462e-03	8.710158108138842895e-05
4.107427178906137427e-02	7.460453395735282787e-03	7.460453395735282625e-05
4.134937288900566305e-02	7.171731145359626879e-03	7.171731145359627583e-05
4.171615670852824725e-02	5.395581570872810817e-03	5.395581570872811034e-05
4.190412554707383802e-02	5.325618790024567312e-03	5.325618790024567583e-05
4.235797936140955205e-02	4.432535444816791508e-03	4.432535444816791914e-05
4.245424732963109377e-02	4.402562612357036227e-03	4.402562612357036227e-05
4.299973878970465846e-02	5.795098522730112930e-03	5.795098522730112903e-05
4.300432255590080216e-02	4.710248004912880211e-03	4.710248004912880238e-05
4.355435062265802793e-02	5.940989575136252678e-03	5.940989575136252894e-05
4.364143403550729133e-02	6.324984164140848124e-03	6.324984164140848015e-05
4.409974795653621299e-02	6.556360360247939778e-03	6.556360360247939561e-05
4.428306414100697391e-02	6.505818152876258545e-03	6.505818152876258870e-05
4.465426286499454139e-02	6.402517663970018653e-03	6.402517663970019250e-05
4.492462814849045027e-02	5.189514932546413460e-03	5.189514932546413406e-05
4.519956368029780236e-02	5.171776093746644452e-03	5.171776093746644561e-05
4.556612510034314251e-02	3.562009033927725308e-03	3.562009033927725199e-05
4.575397923188741223e-02	3.633349130967428869e-03	3.633349130967429249e-05
4.620755403905055236e-02	2.771386013410118750e-03	2.771386013410118859e-05
4.629918113665958124e-02	2.556450257021977094e-03	2.556450257021977243e-05
4.684891400719970456e-02	3.015301626122997812e-03	3.015301626122998002e-05
4.685349489944262008e-02	2.556450257021977094e-03	2.556450257021977243e-05
4.739859550216143219e-02	3.325663738411585319e-03	3.325663738411585238e-05
4.749020404748055535e-02	3.726021256269143427e-03	3.726021256269143291e-05
4.795280504464653065e-02	3.633349130967428869e-03	3.633349130967429249e-05
4.813142320268746360e-02	4.125538208126444673e-03	4.125538208126444483e-05
4.850238153942091485e-02	3.325663738411585319e-03	3.325663738411585238e-05
4.877257051572055080e-02	3.747048464261632829e-03	3.747048464261632720e-05
4.905190484538700380e-02	3.479506434689506877e-03	3.479506434689506905e-05
4.941364502958724841e-02	2.653633648652177837e-03	2.653633648652177986e-05
4.959679567122013411e-02	3.017978345855742636e-03	3.017978345855742582e-05
5.005464578740355386e-02	1.753669146573626301e-03	1.753669146573626477e-05
5.015078948047459184e-02	1.787236775632369086e-03	1.787236775632369248e-05
5.069557183239559867e-02	1.341535869920831587e-03	1.341535869920831560e-05
5.070014960453437386e-02	1.171865990520682419e-03	1.171865990520682412e-05
5.124487682333844080e-02	1.325708686798603760e-03	1.325708686798603740e-05
5.133642220790107791e-02	1.825161653748090659e-03	1.825161653748090808e-05
5.179870245348282276e-02	2.094922168188211985e-03	2.094922168188211904e-05
5.197719595737055470e-02	2.603168349470203098e-03	2.603168349470203085e-05
5.234331761403358124e-02	2.556450257021977094e-03	2.556450257021977243e-05
5.261789212436902841e-02	2.754564247016127315e-03	2.754564247016127451e-05
5.289702808798024680e-02	2.710292953299899086e-03	2.710292953299899249e-05
5.325850975257722525e-02	2.249911255196379058e-03	2.249911255196379112e-05
5.344610419420980918e-02	1.633394079354447311e-03	1.633394079354447243e-05
5.389904788579320122e-02	1.581246041035212031e-03	1.581246041035212004e-05
5.399512169023304442e-02	1.018023294242760644e-03	1.018023294242760745e-05
5.453950556793359106e-02	7.103379016869175271e-04	7.103379016869175813e-06
5.453950556793359106e-02	9.294025932680369815e-04	9.294025932680369815e-06
5.517988184303513483e-02	1.173318205980915284e-03	1.173318205980915277e-05
5.582017575525610731e-02	1.623300457020191269e-03	1.623300457020191201e-05
5.646038634887767804e-02	2.027022850475990266e-03	2.027022850475990415e-05
5.710051266830537542e-02	2.123748007241441776e-03	2.123748007241441858e-05
5.774055375807059937e-02	1.669560314603668041e-03	1.669560314603668082e-05
5.838050866283187035e-02	1.034538633230484535e-03	1.034538633230484637e-05
5.902037642737639755e-02	7.738012541236144719e-04	7.738012541236144245e-06
5.966015609662144586e-02	9.251971516695390143e-04	9.251971516695389600e-06
6.029984671561577914e-02	1.215372621965894523e-03	1.215372621965894475e-05
6.093944732954108962e-02	1.656943989808174356e-03	1.656943989808174356e-05
6.157895698371338572e-02	1.858805186536073963e-03	1.858805186536073963e-05
6.221837472358447696e-02	1.118647465200442578e-03	1.118647465200442524e-05
6.285769959474332702e-02	7.948284621161039827e-04	7.948284621161040233e-06
6.349693064291755951e-02	4.457768094407778552e-04	4.457768094407779026e-06
6.413606691397480408e-02	5.635291741987192562e-04	5.635291741987192833e-06
6.477510745392418834e-02	1.005100542040999198e-03	1.005100542040999165e-05
6.541405130891772557e-02	1.240605271556881892e-03	1.240605271556881926e-05
6.605289752525171643e-02	1.114442023601944828e-03	1.114442023601944841e-05
6.669164514936821997e-02	7.443631629341290268e-04	7.443631629341290370e-06
6.733029322785645532e-02	3.742843022663134970e-04	3.742843022663134868e-06
6.796884080745423107e-02	2.733537039023638021e-04	2.733537039023638106e-06
6.860728693504936082e-02	3.406407694783302473e-04	3.406407694783302473e-06
6.924563065768106485e-02	6.770760973581626358e-04	6.770760973581626426e-06
6.988387102254145500e-02	7.906230205176060155e-04	7.906230205176060019e-06
7.052200707697688087e-02	8.284719949040871782e-04	8.284719949040871782e-06
7.116003786848941470e-02	6.602543309641710923e-04	6.602543309641710652e-06
7.179796244473825306e-02	3.069972366903470518e-04	3.069972366903470501e-06
7.243577985354107684e-02	1.640122223414182813e-04	1.640122223414182821e-06
7.307348914287560560e-02	2.439156127128784654e-04	2.439156127128784654e-06
7.371108936088088814e-02	5.172693166152422676e-04	5.172693166152423184e-06
7.434857955585877365e-02	7.275413965401374833e-04	7.275413965401374596e-06
7.498595877627535489e-02	6.981033053506521466e-04	6.981033053506521567e-06
7.562322607076241154e-02	4.962421086227527568e-04	4.962421086227528043e-06
7.626038048811867309e-02	2.775591455008617151e-04	2.775591455008617050e-06
7.689742107731145637e-02	1.892448719324057321e-04	1.892448719324057329e-06
7.753434688747792847e-02	1.892448719324057321e-04	1.892448719324057329e-06
7.817115696792656387e-02	4.289550430467863116e-04	4.289550430467863252e-06
7.880785036813867106e-02	5.130638750167444088e-04	5.130638750167443817e-06
7.944442613776962758e-02	6.224053565776899296e-04	6.224053565776899737e-06
8.008088332665040665e-02	4.625985758347695071e-04	4.625985758347694800e-06
8.071722098478899265e-02	2.144775215233931558e-04	2.144775215233931626e-06
8.135343816237178283e-02	1.177523647579413333e-04	1.177523647579413384e-06
8.198953390976498889e-02	9.251971516695389600e-05	9.251971516695389812e-07
8.244381314408881500e-02	1.746875740914514367e-04	1.746875740914514409e-06
8.262550727751610813e-02	2.018611967278994440e-04	2.018611967278994372e-06
8.307969851661353711e-02	3.416112560010605391e-04	3.416112560010605306e-06
8.326135731635526949e-02	3.532570942738239863e-04	3.532570942738239727e-06
8.371545988228902557e-02	3.726668247284297677e-04	3.726668247284297660e-06
8.389708307719669078e-02	3.826951854633093230e-04	3.826951854633093603e-06
8.435109629216186455e-02	3.163786064100731154e-04	3.163786064100731222e-06
8.453268361114013585e-02	3.280244446828365626e-04	3.280244446828365643e-06
8.498660679746514179e-02	2.426216306825714278e-04	2.426216306825714210e-06
8.516815796947223294e-02	2.228884047203889276e-04	2.228884047203889513e-06
8.562199044961990579e-02	9.704865227302856840e-05	9.704865227302856417e-07
8.580350520366791800e-02	5.467074078047276043e-05	5.467074078047276424e-07
8.625724630023649808e-02	5.822919136381714104e-05	5.822919136381714697e-07
8.643872436539197512e-02	2.943809118948533332e-05	2.943809118948533459e-07
8.689237340111606589e-02	1.222813018640160057e-04	1.222813018640160150e-06
8.707381450650027166e-02	1.556013391444224824e-04	1.556013391444224934e-06
8.752737080425188054e-02	2.076841158642811404e-04	2.076841158642811371e-06
8.770877467904127089e-02	2.102720799248952157e-04	2.102720799248952259e-06
8.816223756183087790e-02	3.241424985919154496e-04	3.241424985919154734e-06
8.834360393525746147e-02	2.859700286978574869e-04	2.859700286978574937e-06
8.879697272623490734e-02	3.280244446828366168e-04	3.280244446828366066e-06
8.897830132758666188e-02	3.196135614858407366e-04	3.196135614858407332e-06
8.943157535004234160e-02	1.766285471369120202e-04	1.766285471369120287e-06
8.961286590866357482e-02	1.766285471369119931e-04	1.766285471369119864e-06
9.006604448602929802e-02	1.242222749094765621e-04	1.242222749094765604e-06
9.024729673132121655e-02	6.728706557596647229e-05	6.728706557596646847e-07
9.070037918717115122e-02	5.046529918197486099e-05	5.046529918197485930e-07
9.133457850664401800e-02	8.540281400026513477e-05	8.540281400026513266e-07
9.196864149782596476e-02	1.669236819096091566e-04	1.669236819096091532e-06
9.260256721429863114e-02	2.717362263644799644e-04	2.717362263644799627e-06
9.323635470984857621e-02	3.105556872736914189e-04	3.105556872736914223e-06
9.387000303846859683e-02	2.387396845916502878e-04	2.387396845916502878e-06
9.450351125435925426e-02	1.145174096821737121e-04	1.145174096821737061e-06
9.513687841193024797e-02	6.017016440927771105e-05	6.017016440927771360e-07
9.577010356580178962e-02	2.911459568190857052e-05	2.911459568190857349e-07
9.640318577080607410e-02	8.928476009118628835e-05	8.928476009118628708e-07
9.703612408198870887e-02	1.378090862277005658e-04	1.378090862277005692e-06
9.766891755461001856e-02	2.329167654552685642e-04	2.329167654552685879e-06
9.830156524414652985e-02	1.708056280005302695e-04	1.708056280005302653e-06
9.893406620629237314e-02	1.242222749094765621e-04	1.242222749094765604e-06
9.956641949696068417e-02	3.299654177282971732e-05	3.299654177282971732e-07
1.001986241722850474e-01	2.717362263644800051e-05	2.717362263644800157e-07
1.008306792886208558e-01	6.405211050019886463e-05	6.405211050019886802e-07
1.014625839025466991e-01	1.028715714094102784e-04	1.028715714094102852e-06
1.020943370708658898e-01	1.475139514550034294e-04	1.475139514550034235e-06
1.027259378506077125e-01	1.319861670913188693e-04	1.319861670913188693e-06
1.033573852990289643e-01	9.316670618210744193e-05	9.316670618210744151e-07
1.039886784736152592e-01	6.017016440927771105e-05	6.017016440927771360e-07
1.046198164320825547e-01	1.552778436368457027e-05	1.552778436368457006e-07
1.052507982323783731e-01	3.105556872736914053e-05	3.105556872736914011e-07
1.058816229326835223e-01	8.928476009118628835e-05	8.928476009118628708e-07
1.065122895914130813e-01	9.510767922756799839e-05	9.510767922756799754e-07
1.071427972672181345e-01	1.572188166823062930e-04	1.572188166823062989e-06
1.077731450189870627e-01	9.898962531848915197e-05	9.898962531848915197e-07
1.084033319058469447e-01	7.181600268204114468e-05	7.181600268204114511e-07
1.090333569871649866e-01	2.135070350006628369e-05	2.135070350006628316e-07
1.096632193225498680e-01	2.135070350006628369e-05	2.135070350006628316e-07
1.102929179718532271e-01	5.046529918197486099e-05	5.046529918197485930e-07
1.109224519951710064e-01	9.122573313664685836e-05	9.122573313664686429e-07
1.115518204528448687e-01	1.300451940458582857e-04	1.300451940458582815e-06
1.121810224054636124e-01	1.145174096821737121e-04	1.145174096821737061e-06
1.128100569138646009e-01	7.763892181842285472e-05	7.763892181842285557e-07
1.134389230391350395e-01	2.911459568190857052e-05	2.911459568190857349e-07
1.140676198426135574e-01	1.552778436368457027e-05	1.552778436368457006e-07
1.146961463858914565e-01	1.940973045460571368e-05	1.940973045460571389e-07
1.153245017308142384e-01	5.434724527289600102e-05	5.434724527289600313e-07
1.159526849394828529e-01	7.181600268204114468e-05	7.181600268204114511e-07
1.165806950742552250e-01	8.152086790934400830e-05	8.152086790934400999e-07
1.172085311977476701e-01	7.181600268204114468e-05	7.181600268204114511e-07
1.178361923728361293e-01	5.046529918197486099e-05	5.046529918197485930e-07
1.184636776626577931e-01	7.763892181842285133e-06	7.763892181842285028e-08
1.190909861306122947e-01	3.881946090921142567e-06	3.881946090921142514e-08
1.197181168403632229e-01	2.911459568190857052e-05	2.911459568190857349e-07
1.203450688558394821e-01	5.434724527289600102e-05	5.434724527289600313e-07
1.209718412412367217e-01	8.540281400026513477e-05	8.540281400026513266e-07
1.215984330610187375e-01	7.763892181842285472e-05	7.763892181842285557e-07
1.222248433799187628e-01	6.017016440927771105e-05	6.017016440927771360e-07
1.228510712629409946e-01	1.358681131822400025e-05	1.358681131822400078e-07
1.234771157753619397e-01	5.822919136381715121e-06	5.822919136381715094e-08
1.241029759827317613e-01	1.940973045460571368e-05	1.940973045460571389e-07
1.247286509508758329e-01	4.658335309105372096e-05	4.658335309105372075e-07
1.253541397458959317e-01	8.540281400026513477e-05	8.540281400026513266e-07
1.259794414341716962e-01	6.599308354565943465e-05	6.599308354565943465e-07
1.266045550823621246e-01	5.434724527289600102e-05	5.434724527289600313e-07
1.272294797574068381e-01	3.687848786375085735e-05	3.687848786375085587e-07
1.278542145265275098e-01	1.940973045460571368e-05	1.940973045460571389e-07
1.284787584572293639e-01	1.358681131822400025e-05	1.358681131822400078e-07
1.291031106173023413e-01	3.881946090921142736e-05	3.881946090921142778e-07
1.297272700748227370e-01	3.493751481829028734e-05	3.493751481829028924e-07
1.303512358981543939e-01	4.852432613651428420e-05	4.852432613651428208e-07
1.309750071559502571e-01	6.599308354565943465e-05	6.599308354565943465e-07
1.315985829171535948e-01	4.852432613651428420e-05	4.852432613651428208e-07
1.322219622509995807e-01	1.358681131822400025e-05	1.358681131822400078e-07
1.334681279150273236e-01	3.881946090921142567e-06	3.881946090921142514e-08
1.340909123851507789e-01	3.493751481829028734e-05	3.493751481829028924e-07
1.347134967078032208e-01	5.240627222743542423e-05	5.240627222743542592e-07
1.353358799536995560e-01	4.464238004559314418e-05	4.464238004559314354e-07
1.359580611938548400e-01	3.687848786375085735e-05	3.687848786375085587e-07
1.365800394995858591e-01	2.135070350006628369e-05	2.135070350006628316e-07
1.372018139425119354e-01	3.881946090921142567e-06	3.881946090921142514e-08
1.378233835945569807e-01	9.704865227302856840e-06	9.704865227302856946e-08
1.384447475279504958e-01	1.552778436368457027e-05	1.552778436368457006e-07
1.390659048152290134e-01	1.940973045460571368e-05	1.940973045460571389e-07
1.396868545292374864e-01	3.493751481829028734e-05	3.493751481829028924e-07
1.403075957431308696e-01	3.299654177282971732e-05	3.299654177282971732e-07
1.409281275303750913e-01	3.299654177282971732e-05	3.299654177282971732e-07
1.415484489647488575e-01	1.164583827276343024e-05	1.164583827276343019e-07
1.421685591203446508e-01	5.822919136381715121e-06	5.822919136381715094e-08
1.427884570715706181e-01	3.881946090921142567e-06	3.881946090921142514e-08
1.434081418931513752e-01	1.940973045460571368e-05	1.940973045460571389e-07
1.440276126601297280e-01	2.523264959098743050e-05	2.523264959098742965e-07
