Sunday, May 11, 2025 08:32:48 PM
0.000500	1.818992E-1	-3.052000E-4	500.703
0.076000	2.694916E-1	6.104000E-4	500.693
0.159500	5.933088E-1	1.220800E-3	500.700
0.238000	7.401100E-1	6.104000E-4	500.681
0.319000	7.477400E-1	6.104000E-4	500.683
0.398500	7.337008E-1	-3.052000E-4	500.673
0.479000	7.156940E-1	6.104000E-4	500.671
0.559000	7.007392E-1	1.526000E-3	500.674
0.638500	6.839532E-1	3.052000E-4	500.671
0.718500	6.674724E-1	6.104000E-4	500.670
0.798500	6.500760E-1	0.000000E+0	500.668
0.878500	6.335952E-1	6.104000E-4	500.667
0.959000	6.186404E-1	9.156000E-4	500.667
1.038500	6.030752E-1	3.052000E-4	500.653
1.119000	5.878152E-1	3.052000E-4	500.635
1.198500	5.725552E-1	-3.052000E-4	500.635
1.278500	5.576004E-1	9.156000E-4	500.627
1.358500	5.432560E-1	1.526000E-3	500.619
1.438500	5.301324E-1	9.156000E-4	500.626
1.519000	5.157880E-1	-3.052000E-4	500.628
1.598500	5.008332E-1	0.000000E+0	500.616
1.679000	4.870992E-1	9.156000E-4	500.611
1.758500	4.730600E-1	1.220800E-3	500.606
1.839000	4.605468E-1	3.052000E-4	500.609
1.918500	4.462024E-1	3.052000E-4	500.608
1.999000	4.324684E-1	-3.052000E-4	500.603
2.078500	4.184292E-1	1.526000E-3	500.597
2.158500	4.056108E-1	1.831200E-3	500.600
2.239000	3.930976E-1	3.052000E-4	500.590
2.319000	3.799740E-1	6.104000E-4	500.574
2.398500	3.677660E-1	-3.052000E-4	500.571
2.479000	3.537268E-1	9.156000E-4	500.563
2.558500	3.415188E-1	1.220800E-3	500.566
2.639000	3.293108E-1	3.052000E-4	500.552
2.718500	3.161872E-1	0.000000E+0	500.558
2.799000	3.024532E-1	0.000000E+0	500.556
2.878500	2.908556E-1	9.156000E-4	500.553
2.959000	2.786476E-1	1.220800E-3	500.549
3.038500	2.670500E-1	0.000000E+0	500.545
3.118500	2.533160E-1	0.000000E+0	500.547
3.199000	2.411080E-1	0.000000E+0	500.542
3.279000	2.295104E-1	6.104000E-4	500.542
3.358500	2.179128E-1	1.831200E-3	500.532
3.439000	2.072308E-1	3.052000E-4	500.523
3.518500	1.953280E-1	-3.052000E-4	500.522
3.599000	1.840356E-1	3.052000E-4	500.507
3.678500	1.730484E-1	6.104000E-4	500.507
3.758500	1.626716E-1	1.220800E-3	500.503
3.839000	1.526000E-1	9.156000E-4	500.500
3.918500	1.425284E-1	0.000000E+0	500.491
3.999000	1.318464E-1	0.000000E+0	500.493
4.078500	1.239112E-1	9.156000E-4	500.490
4.158500	1.156708E-1	1.526000E-3	500.487
4.239000	1.065148E-1	6.104000E-4	500.487
4.319000	9.857960E-2	3.052000E-4	500.485
4.398500	9.125480E-2	6.104000E-4	500.483
4.479000	8.393000E-2	9.156000E-4	500.478
4.559500	7.843640E-2	1.220800E-3	500.475
4.638500	7.416360E-2	0.000000E+0	500.475
4.718500	6.836480E-2	-9.156000E-4	500.473
4.798500	6.256600E-2	6.104000E-4	500.452
4.878500	5.951400E-2	6.104000E-4	500.447
4.959000	5.524120E-2	9.156000E-4	500.435
5.038500	5.188400E-2	0.000000E+0	500.429
5.119000	4.822160E-2	-3.052000E-4	500.431
5.199000	4.516960E-2	3.052000E-4	500.428
5.279000	4.272800E-2	9.156000E-4	500.426
5.358500	4.059160E-2	1.220800E-3	500.424
5.439000	3.876040E-2	0.000000E+0	500.426
5.519000	3.631880E-2	-3.052000E-4	500.417
5.599000	3.357200E-2	0.000000E+0	500.418
5.679000	3.235120E-2	6.104000E-4	500.410
5.758500	3.082520E-2	9.156000E-4	500.395
5.839000	2.960440E-2	0.000000E+0	500.391
5.918500	2.746800E-2	-3.052000E-4	500.390
5.998500	2.563680E-2	0.000000E+0	500.387
6.079000	2.380560E-2	1.526000E-3	500.381
6.158500	2.289000E-2	1.220800E-3	500.375
6.239000	2.197440E-2	-3.052000E-4	500.370
6.319000	2.044840E-2	-3.052000E-4	500.366
6.398500	1.922760E-2	6.104000E-4	500.365
6.479000	1.800680E-2	1.526000E-3	500.363
6.559000	1.678600E-2	6.104000E-4	500.363
6.639000	1.587040E-2	0.000000E+0	500.362
6.719000	1.464960E-2	-9.156000E-4	500.358
6.799000	1.312360E-2	0.000000E+0	500.348
6.878500	1.220800E-2	1.526000E-3	500.345
6.959000	1.220800E-2	9.156000E-4	500.333
7.038500	1.159760E-2	0.000000E+0	500.332
7.118500	1.129240E-2	-3.052000E-4	500.317
7.199000	1.037680E-2	6.104000E-4	500.320
7.278500	9.461200E-3	6.104000E-4	500.315
7.359000	1.007160E-2	6.104000E-4	500.317
7.438000	9.156000E-3	-3.052000E-4	500.305
7.519500	8.850800E-3	-6.104000E-4	500.304
7.598000	8.545600E-3	9.156000E-4	500.302
7.679000	8.850800E-3	1.220800E-3	500.303
7.758000	9.156000E-3	3.052000E-4	500.301
7.838500	9.461200E-3	-3.052000E-4	500.301
7.919000	8.850800E-3	-3.052000E-4	500.293
7.998500	8.240400E-3	3.052000E-4	500.291
8.078500	8.240400E-3	1.526000E-3	500.275
8.159000	9.766400E-3	9.156000E-4	500.267
8.238500	9.461200E-3	0.000000E+0	500.265
8.319000	8.850800E-3	-1.220800E-3	500.260
8.399000	7.935200E-3	9.156000E-4	500.252
8.478500	7.630000E-3	9.156000E-4	500.249
8.559500	8.240400E-3	6.104000E-4	500.248
8.638500	7.935200E-3	-3.052000E-4	500.249
8.718500	7.935200E-3	-3.052000E-4	500.243
8.798500	7.630000E-3	3.052000E-4	500.243
8.878500	7.019600E-3	9.156000E-4	500.242
8.958500	7.324800E-3	3.052000E-4	500.236
9.038500	7.324800E-3	-3.052000E-4	500.238
9.119000	6.104000E-3	0.000000E+0	500.223
9.198500	6.714400E-3	9.156000E-4	500.223
9.279000	6.409200E-3	9.156000E-4	500.222
9.359000	6.714400E-3	9.156000E-4	500.212
9.439000	7.630000E-3	0.000000E+0	500.197
9.518000	4.883200E-3	-9.156000E-4	500.194
9.599500	5.188400E-3	9.156000E-4	500.188
9.678000	6.104000E-3	6.104000E-4	500.185
9.759000	4.883200E-3	3.052000E-4	500.186
9.838500	6.104000E-3	3.052000E-4	500.182
9.918500	4.883200E-3	-3.052000E-4	500.183
9.999000	4.272800E-3	3.052000E-4	500.177
10.079000	3.662400E-3	1.220800E-3	500.173
10.158500	4.883200E-3	3.052000E-4	500.169
10.239500	4.578000E-3	3.052000E-4	500.168
10.318500	4.272800E-3	3.052000E-4	500.165
10.399000	3.967600E-3	1.220800E-3	500.164
10.478500	4.578000E-3	9.156000E-4	500.154
10.559000	4.883200E-3	3.052000E-4	500.149
10.639000	4.883200E-3	0.000000E+0	500.133
10.718500	4.578000E-3	0.000000E+0	500.133
10.799000	3.967600E-3	6.104000E-4	500.130
10.878500	4.272800E-3	1.220800E-3	500.127
10.959000	4.883200E-3	-3.052000E-4	500.123
11.038500	4.883200E-3	3.052000E-4	500.120
11.119000	4.272800E-3	-3.052000E-4	500.121
11.198500	4.272800E-3	9.156000E-4	500.121
11.279000	4.883200E-3	1.831200E-3	500.117
11.359000	5.493600E-3	1.220800E-3	500.111
11.439000	5.798800E-3	3.052000E-4	500.104
11.518000	4.883200E-3	0.000000E+0	500.098
11.599000	4.578000E-3	1.220800E-3	500.098
11.678500	4.883200E-3	9.156000E-4	500.089
11.759000	5.493600E-3	0.000000E+0	500.091
11.839000	5.493600E-3	-3.052000E-4	500.080
11.918500	4.578000E-3	3.052000E-4	500.072
11.998500	4.578000E-3	9.156000E-4	500.066
