Sunday, May 11, 2025 08:27:49 PM
0.000500	3.085572E-1	-3.052000E-4	500.960
0.075000	4.156824E-1	1.220800E-3	500.957
0.159500	7.388892E-1	1.526000E-3	500.957
0.237500	8.621900E-1	6.104000E-4	500.936
0.319000	8.545600E-1	3.052000E-4	500.932
0.398500	8.270920E-1	-3.052000E-4	500.919
0.479000	7.974876E-1	1.220800E-3	500.918
0.559000	7.700196E-1	6.104000E-4	500.919
0.638500	7.431620E-1	3.052000E-4	500.917
0.719000	7.166096E-1	0.000000E+0	500.917
0.798500	6.888364E-1	-3.052000E-4	500.915
0.878500	6.616736E-1	1.220800E-3	500.912
0.958500	6.366472E-1	1.220800E-3	500.906
1.039000	6.131468E-1	6.104000E-4	500.904
1.118500	5.896464E-1	3.052000E-4	500.903
1.199000	5.658408E-1	6.104000E-4	500.900
1.278500	5.444768E-1	6.104000E-4	500.900
1.359000	5.228076E-1	1.220800E-3	500.890
1.438500	5.023592E-1	6.104000E-4	500.888
1.519000	4.816056E-1	3.052000E-4	500.881
1.598500	4.620728E-1	3.052000E-4	500.865
1.679000	4.413192E-1	3.052000E-4	500.864
1.758500	4.220916E-1	1.526000E-3	500.859
1.839500	4.037796E-1	0.000000E+0	500.856
1.917500	3.860780E-1	6.104000E-4	500.857
1.999500	3.665452E-1	3.052000E-4	500.852
2.078000	3.500644E-1	9.156000E-4	500.855
2.159000	3.326680E-1	1.220800E-3	500.850
2.238500	3.171028E-1	3.052000E-4	500.843
2.319000	3.012324E-1	-3.052000E-4	500.841
2.399000	2.841412E-1	-3.052000E-4	500.829
2.478500	2.682708E-1	3.052000E-4	500.829
2.559000	2.539264E-1	1.526000E-3	500.829
2.638000	2.404976E-1	3.052000E-4	500.816
2.719000	2.255428E-1	-6.104000E-4	500.815
2.798000	2.121140E-1	0.000000E+0	500.812
2.879000	1.980748E-1	9.156000E-4	500.795
2.958500	1.849512E-1	1.526000E-3	500.796
3.039000	1.733536E-1	9.156000E-4	500.795
3.118500	1.617560E-1	0.000000E+0	500.794
3.199000	1.495480E-1	6.104000E-4	500.792
3.278000	1.388660E-1	3.052000E-4	500.789
3.359000	1.278788E-1	1.831200E-3	500.792
3.438500	1.193332E-1	9.156000E-4	500.787
3.519000	1.095668E-1	3.052000E-4	500.780
3.598500	9.980040E-2	-6.104000E-4	500.777
3.678500	9.186520E-2	6.104000E-4	500.769
3.758500	8.484560E-2	1.526000E-3	500.764
3.839000	7.874160E-2	6.104000E-4	500.753
3.918500	7.202720E-2	-6.104000E-4	500.752
3.999000	6.500760E-2	-3.052000E-4	500.747
4.078500	5.859840E-2	0.000000E+0	500.735
4.158500	5.402040E-2	9.156000E-4	500.735
4.239000	5.035800E-2	9.156000E-4	500.731
4.319000	4.700080E-2	-3.052000E-4	500.731
4.398500	4.211760E-2	-3.052000E-4	500.733
4.479000	3.906560E-2	6.104000E-4	500.730
4.559000	3.631880E-2	1.220800E-3	500.726
4.638000	3.448760E-2	3.052000E-4	500.721
4.719000	3.296160E-2	0.000000E+0	500.717
4.798500	2.990960E-2	6.104000E-4	500.697
4.879000	2.899400E-2	9.156000E-4	500.697
4.958500	2.838360E-2	1.526000E-3	500.692
5.039000	2.685760E-2	3.052000E-4	500.690
5.118000	2.533160E-2	0.000000E+0	500.681
5.199000	2.380560E-2	0.000000E+0	500.677
5.278500	2.258480E-2	6.104000E-4	500.674
5.359000	2.197440E-2	1.220800E-3	500.674
5.438500	2.105880E-2	6.104000E-4	500.672
5.519000	2.075360E-2	-3.052000E-4	500.670
5.598500	2.014320E-2	3.052000E-4	500.669
5.678500	1.953280E-2	3.052000E-4	500.664
5.758500	1.892240E-2	1.526000E-3	500.662
5.838500	1.892240E-2	6.104000E-4	500.663
5.919000	1.800680E-2	0.000000E+0	500.653
5.998500	1.648080E-2	0.000000E+0	500.638
6.078500	1.495480E-2	6.104000E-4	500.630
6.159000	1.403920E-2	1.220800E-3	500.626
6.239000	1.312360E-2	6.104000E-4	500.626
6.318500	1.190280E-2	-3.052000E-4	500.617
6.399000	1.098720E-2	-3.052000E-4	500.613
6.478500	1.098720E-2	6.104000E-4	500.612
6.559000	1.098720E-2	9.156000E-4	500.610
6.639500	1.098720E-2	6.104000E-4	500.610
6.716000	1.037680E-2	0.000000E+0	500.608
6.799500	9.461200E-3	6.104000E-4	500.601
6.878000	8.240400E-3	6.104000E-4	500.603
6.959000	7.324800E-3	1.526000E-3	500.594
7.038500	6.714400E-3	0.000000E+0	500.581
7.119000	6.714400E-3	-3.052000E-4	500.586
7.198500	5.493600E-3	3.052000E-4	500.578
7.279000	6.104000E-3	0.000000E+0	500.568
7.358500	6.104000E-3	1.220800E-3	500.567
7.439000	7.019600E-3	3.052000E-4	500.559
7.518500	6.714400E-3	-6.104000E-4	500.554
7.599000	6.104000E-3	6.104000E-4	500.549
7.678500	5.493600E-3	9.156000E-4	500.549
7.758500	6.104000E-3	1.526000E-3	500.550
7.838500	6.104000E-3	-3.052000E-4	500.549
7.919000	5.493600E-3	-9.156000E-4	500.546
7.999000	4.578000E-3	3.052000E-4	500.542
8.078500	4.578000E-3	0.000000E+0	500.544
8.159000	5.493600E-3	1.831200E-3	500.536
8.238500	5.798800E-3	3.052000E-4	500.532
8.319000	5.798800E-3	-6.104000E-4	500.525
8.398500	6.104000E-3	6.104000E-4	500.531
8.479000	5.798800E-3	9.156000E-4	500.527
8.559000	7.324800E-3	9.156000E-4	500.494
8.638500	6.409200E-3	0.000000E+0	500.497
8.719000	6.409200E-3	-3.052000E-4	500.491
8.798500	5.493600E-3	0.000000E+0	500.491
8.879000	4.883200E-3	9.156000E-4	500.488
8.958500	6.104000E-3	6.104000E-4	500.490
9.039000	5.188400E-3	0.000000E+0	500.488
9.118500	6.104000E-3	-6.104000E-4	500.484
9.199000	5.798800E-3	0.000000E+0	500.476
9.278500	5.493600E-3	6.104000E-4	500.471
9.359000	6.714400E-3	-3.052000E-4	500.464
9.438500	6.714400E-3	0.000000E+0	500.462
9.519000	5.493600E-3	-3.052000E-4	500.453
9.598500	5.493600E-3	6.104000E-4	500.447
9.679000	4.578000E-3	1.220800E-3	500.440
9.758500	4.883200E-3	6.104000E-4	500.447
9.839000	4.578000E-3	3.052000E-4	500.431
9.918500	4.578000E-3	-6.104000E-4	500.426
9.998500	3.967600E-3	6.104000E-4	500.425
10.078500	4.272800E-3	1.220800E-3	500.427
10.158500	4.578000E-3	9.156000E-4	500.426
10.239000	5.493600E-3	-3.052000E-4	500.424
10.319000	4.578000E-3	0.000000E+0	500.421
10.398500	4.272800E-3	9.156000E-4	500.419
10.479000	4.272800E-3	9.156000E-4	500.401
10.558500	4.883200E-3	9.156000E-4	500.394
10.639000	4.272800E-3	0.000000E+0	500.397
10.718500	3.357200E-3	-6.104000E-4	500.387
10.798500	3.357200E-3	3.052000E-4	500.378
10.879000	4.272800E-3	1.526000E-3	500.378
10.958500	4.272800E-3	3.052000E-4	500.378
11.039000	4.883200E-3	0.000000E+0	500.368
11.118500	3.967600E-3	3.052000E-4	500.368
11.199000	3.967600E-3	9.156000E-4	500.366
11.278500	4.578000E-3	1.526000E-3	500.365
11.358500	4.578000E-3	6.104000E-4	500.361
11.438500	4.578000E-3	-6.104000E-4	500.358
11.518500	4.272800E-3	0.000000E+0	500.359
11.599000	3.662400E-3	1.220800E-3	500.355
11.678500	4.272800E-3	1.220800E-3	500.352
11.758500	4.578000E-3	0.000000E+0	500.342
11.839000	5.493600E-3	0.000000E+0	500.332
11.919000	4.578000E-3	9.156000E-4	500.333
11.998500	4.272800E-3	1.220800E-3	500.325
