Sunday, May 11, 2025 08:32:10 PM
0.000500	1.611456E-1	6.104000E-4	500.182
0.075500	2.411080E-1	6.104000E-4	500.180
0.159500	5.307428E-1	-6.104000E-4	500.178
0.238500	6.628944E-1	1.526000E-3	500.178
0.318500	6.693036E-1	1.220800E-3	500.176
0.399000	6.546540E-1	1.220800E-3	500.177
0.478500	6.403096E-1	3.052000E-4	500.172
0.560000	6.244392E-1	0.000000E+0	500.153
0.636000	6.104000E-1	3.052000E-4	500.153
0.719500	5.936140E-1	6.104000E-4	500.142
0.798000	5.786592E-1	6.104000E-4	500.135
0.878500	5.624836E-1	6.104000E-4	500.137
0.959000	5.478340E-1	6.104000E-4	500.127
1.038000	5.331844E-1	3.052000E-4	500.125
1.119000	5.188400E-1	1.220800E-3	500.126
1.198500	5.057164E-1	9.156000E-4	500.124
1.278500	4.916772E-1	0.000000E+0	500.119
1.358500	4.785536E-1	0.000000E+0	500.117
1.439000	4.648196E-1	3.052000E-4	500.117
1.519500	4.516960E-1	9.156000E-4	500.111
1.597500	4.407088E-1	6.104000E-4	500.106
1.679500	4.266696E-1	3.052000E-4	500.108
1.758000	4.135460E-1	3.052000E-4	500.106
1.839000	4.010328E-1	6.104000E-4	500.092
1.918500	3.882144E-1	1.526000E-3	500.076
1.998500	3.766168E-1	1.220800E-3	500.072
2.078500	3.644088E-1	-3.052000E-4	500.066
2.159500	3.512852E-1	0.000000E+0	500.068
2.238000	3.396876E-1	0.000000E+0	500.068
2.319500	3.274796E-1	9.156000E-4	500.062
2.398500	3.180184E-1	9.156000E-4	500.061
2.479000	3.055052E-1	0.000000E+0	500.059
2.558500	2.945180E-1	0.000000E+0	500.057
2.639000	2.826152E-1	9.156000E-4	500.056
2.718000	2.713228E-1	1.526000E-3	500.053
2.799000	2.603356E-1	1.220800E-3	500.043
2.878500	2.496536E-1	-6.104000E-4	500.040
2.958500	2.383612E-1	-3.052000E-4	500.028
3.039000	2.270688E-1	6.104000E-4	500.029
3.118500	2.163868E-1	1.526000E-3	500.018
3.199000	2.063152E-1	3.052000E-4	500.008
3.278500	1.959384E-1	-6.104000E-4	500.004
3.359000	1.849512E-1	-6.104000E-4	500.005
3.439000	1.745744E-1	9.156000E-4	500.000
3.519000	1.657236E-1	1.831200E-3	500.000
3.598500	1.562624E-1	3.052000E-4	499.998
3.679000	1.474116E-1	-6.104000E-4	500.000
3.758500	1.379504E-1	3.052000E-4	499.998
3.839000	1.290996E-1	6.104000E-4	499.982
3.919000	1.202488E-1	1.526000E-3	499.972
3.998500	1.129240E-1	0.000000E+0	499.979
4.078500	1.055992E-1	-3.052000E-4	499.968
4.158500	9.705360E-2	3.052000E-4	499.966
4.239000	9.094960E-2	1.220800E-3	499.961
4.318500	8.454040E-2	1.220800E-3	499.962
4.398500	7.874160E-2	6.104000E-4	500.500
4.478500	7.355320E-2	-3.052000E-4	501.006
4.559000	6.805960E-2	-3.052000E-4	501.010
4.638500	6.317640E-2	6.104000E-4	501.004
4.718500	5.981920E-2	1.526000E-3	500.999
4.798500	5.615680E-2	3.052000E-4	500.995
4.879000	5.188400E-2	-6.104000E-4	500.993
4.959000	4.822160E-2	6.104000E-4	500.985
5.038500	4.516960E-2	6.104000E-4	500.986
5.119000	4.303320E-2	1.220800E-3	500.974
5.198500	4.089680E-2	9.156000E-4	500.977
5.279000	3.815000E-2	-6.104000E-4	500.973
5.358500	3.601360E-2	0.000000E+0	500.971
5.439000	3.418240E-2	6.104000E-4	500.972
5.518500	3.235120E-2	9.156000E-4	500.964
5.599000	3.143560E-2	6.104000E-4	500.959
5.679000	2.899400E-2	-3.052000E-4	500.957
5.758500	2.746800E-2	0.000000E+0	500.947
5.839000	2.624720E-2	9.156000E-4	500.932
5.918000	2.533160E-2	3.052000E-4	500.929
5.999000	2.350040E-2	-6.104000E-4	500.925
6.078500	2.197440E-2	-6.104000E-4	500.919
6.159000	2.044840E-2	0.000000E+0	500.916
6.238500	1.953280E-2	9.156000E-4	500.922
6.319000	1.861720E-2	1.526000E-3	500.919
6.398500	1.831200E-2	3.052000E-4	500.915
6.479000	1.678600E-2	-3.052000E-4	500.911
6.559000	1.495480E-2	3.052000E-4	500.906
6.638500	1.403920E-2	3.052000E-4	500.906
6.719000	1.312360E-2	6.104000E-4	500.906
6.798500	1.312360E-2	0.000000E+0	500.897
6.879000	1.190280E-2	0.000000E+0	500.900
6.958500	1.098720E-2	0.000000E+0	500.903
7.039000	1.037680E-2	9.156000E-4	500.886
7.118500	1.037680E-2	1.220800E-3	500.876
7.199000	1.068200E-2	3.052000E-4	500.880
7.279000	9.766400E-3	-3.052000E-4	500.876
7.359000	8.850800E-3	6.104000E-4	500.867
7.438500	8.850800E-3	6.104000E-4	500.865
7.519000	8.850800E-3	6.104000E-4	500.864
7.599000	9.156000E-3	0.000000E+0	500.859
7.679000	8.240400E-3	-3.052000E-4	500.851
7.758000	7.935200E-3	0.000000E+0	500.848
7.838500	7.935200E-3	6.104000E-4	500.837
7.919000	8.240400E-3	9.156000E-4	500.822
7.998500	8.545600E-3	3.052000E-4	500.793
8.079000	7.630000E-3	0.000000E+0	500.785
8.158500	7.935200E-3	6.104000E-4	500.756
8.239000	7.019600E-3	1.220800E-3	500.727
8.318500	8.850800E-3	9.156000E-4	500.700
8.398500	8.240400E-3	-6.104000E-4	500.656
8.478500	7.324800E-3	-3.052000E-4	500.612
8.559000	7.935200E-3	3.052000E-4	500.566
8.638500	6.714400E-3	1.220800E-3	500.545
8.719000	7.630000E-3	6.104000E-4	500.499
8.798500	7.019600E-3	-3.052000E-4	500.465
8.879000	6.714400E-3	-6.104000E-4	500.438
8.958500	6.409200E-3	0.000000E+0	500.398
9.039000	7.324800E-3	1.220800E-3	500.351
9.118500	7.019600E-3	3.052000E-4	500.328
9.199000	7.019600E-3	6.104000E-4	500.298
9.278500	6.104000E-3	0.000000E+0	500.253
9.359000	5.493600E-3	3.052000E-4	500.243
9.438500	6.104000E-3	2.136400E-3	500.232
9.519000	6.409200E-3	6.104000E-4	500.188
9.598500	5.798800E-3	-6.104000E-4	500.172
9.679000	5.188400E-3	-6.104000E-4	500.172
9.758500	3.967600E-3	3.052000E-4	500.152
9.838500	4.578000E-3	1.220800E-3	500.125
9.918500	5.188400E-3	6.104000E-4	500.124
9.998500	5.188400E-3	-6.104000E-4	500.121
10.078500	4.578000E-3	-3.052000E-4	500.122
10.159000	3.967600E-3	3.052000E-4	500.121
10.239000	4.272800E-3	1.526000E-3	500.116
10.318500	4.883200E-3	3.052000E-4	500.113
10.398500	4.272800E-3	0.000000E+0	500.092
10.479000	4.578000E-3	-3.052000E-4	500.087
10.559000	4.578000E-3	3.052000E-4	500.085
10.638500	4.578000E-3	1.526000E-3	500.079
10.719000	4.883200E-3	3.052000E-4	500.077
10.799000	4.883200E-3	-3.052000E-4	500.067
10.878500	4.272800E-3	9.156000E-4	500.063
10.959000	4.272800E-3	6.104000E-4	500.061
11.038500	4.578000E-3	1.220800E-3	500.059
11.119000	4.883200E-3	0.000000E+0	500.055
11.198500	4.883200E-3	3.052000E-4	500.054
11.279000	4.578000E-3	0.000000E+0	500.059
11.359000	4.578000E-3	0.000000E+0	500.053
11.438500	4.883200E-3	1.526000E-3	500.053
11.519000	5.493600E-3	3.052000E-4	500.024
11.598500	4.578000E-3	0.000000E+0	500.024
11.679500	5.493600E-3	-6.104000E-4	500.020
11.758500	4.578000E-3	9.156000E-4	500.011
11.838500	4.883200E-3	6.104000E-4	500.012
11.919000	5.798800E-3	6.104000E-4	500.008
11.998500	4.578000E-3	-3.052000E-4	500.006
