Sunday, May 11, 2025 08:34:40 PM
0.000500	2.551472E-1	6.104000E-4	499.985
0.075500	3.827208E-1	9.156000E-4	499.985
0.159500	8.615796E-1	0.000000E+0	499.982
0.238000	1.084070E+0	0.000000E+0	500.183
0.319000	1.102688E+0	3.052000E-4	501.214
0.399000	1.082850E+0	1.220800E-3	501.209
0.478000	1.063622E+0	9.156000E-4	501.204
0.559000	1.040427E+0	0.000000E+0	501.198
0.638500	1.018147E+0	0.000000E+0	501.192
0.718500	9.955624E-1	6.104000E-4	501.193
0.798500	9.726724E-1	1.831200E-3	501.185
0.878500	9.519188E-1	6.104000E-4	501.183
0.958500	9.296392E-1	3.052000E-4	501.173
1.038500	9.085804E-1	0.000000E+0	501.166
1.118500	8.872164E-1	9.156000E-4	501.160
1.198500	8.667680E-1	1.831200E-3	501.160
1.278500	8.478456E-1	3.052000E-4	501.158
1.358500	8.286180E-1	0.000000E+0	501.160
1.438500	8.087800E-1	-3.052000E-4	501.155
1.519000	7.883316E-1	9.156000E-4	501.157
1.599000	7.694092E-1	1.526000E-3	501.144
1.678500	7.498764E-1	3.052000E-4	501.146
1.759000	7.300384E-1	3.052000E-4	501.140
1.838500	7.102004E-1	0.000000E+0	501.125
1.919000	6.912780E-1	6.104000E-4	501.125
1.998500	6.729660E-1	1.220800E-3	501.131
2.078500	6.537384E-1	3.052000E-4	501.109
2.159000	6.348160E-1	3.052000E-4	501.109
2.238500	6.161988E-1	6.104000E-4	501.101
2.319500	5.966660E-1	6.104000E-4	501.102
2.398500	5.780488E-1	9.156000E-4	501.096
2.479000	5.612628E-1	3.052000E-4	501.097
2.558500	5.423404E-1	-3.052000E-4	501.093
2.638500	5.228076E-1	3.052000E-4	501.095
2.719000	5.032748E-1	9.156000E-4	501.093
2.797500	4.852680E-1	1.526000E-3	501.083
2.879500	4.663456E-1	-3.052000E-4	501.083
2.958000	4.483388E-1	-3.052000E-4	501.059
3.039500	4.288060E-1	-3.052000E-4	501.056
3.118000	4.101888E-1	6.104000E-4	501.063
3.199000	3.915716E-1	1.526000E-3	501.051
3.279000	3.741752E-1	3.052000E-4	501.046
3.358500	3.561684E-1	0.000000E+0	501.042
3.439000	3.372460E-1	0.000000E+0	501.038
3.518500	3.198496E-1	6.104000E-4	501.044
3.599500	3.027584E-1	1.220800E-3	501.036
3.678500	2.856672E-1	6.104000E-4	501.037
3.759000	2.679656E-1	3.052000E-4	501.031
3.838500	2.511796E-1	3.052000E-4	501.030
3.919000	2.350040E-1	9.156000E-4	501.028
3.998500	2.194388E-1	1.220800E-3	501.031
4.078500	2.050944E-1	3.052000E-4	501.024
4.158500	1.895292E-1	-3.052000E-4	501.018
4.238500	1.751848E-1	3.052000E-4	500.996
4.319000	1.617560E-1	1.220800E-3	500.994
4.398500	1.510740E-1	9.156000E-4	500.993
4.479000	1.397816E-1	6.104000E-4	500.983
4.559000	1.290996E-1	0.000000E+0	500.987
4.638500	1.190280E-1	0.000000E+0	500.982
4.718500	1.092616E-1	6.104000E-4	500.977
4.798500	1.019368E-1	9.156000E-4	500.977
4.878500	9.491720E-2	6.104000E-4	500.975
4.959000	8.759240E-2	-3.052000E-4	500.968
5.038500	8.087800E-2	9.156000E-4	500.965
5.118500	7.538440E-2	9.156000E-4	500.961
5.199000	7.172200E-2	1.220800E-3	500.963
5.278500	6.744920E-2	3.052000E-4	500.967
5.359000	6.317640E-2	-3.052000E-4	500.945
5.438500	5.920880E-2	0.000000E+0	500.947
5.519000	5.554640E-2	9.156000E-4	500.933
5.598500	5.341000E-2	1.220800E-3	500.925
5.679000	5.035800E-2	0.000000E+0	500.920
5.758500	4.669560E-2	-3.052000E-4	500.919
5.838500	4.394880E-2	3.052000E-4	500.916
5.919000	4.059160E-2	1.220800E-3	500.920
5.998500	3.906560E-2	1.220800E-3	500.916
6.078500	3.662400E-2	3.052000E-4	500.913
6.159000	3.387720E-2	-3.052000E-4	500.907
6.238500	3.143560E-2	0.000000E+0	500.905
6.319000	2.899400E-2	6.104000E-4	500.899
6.398500	2.838360E-2	9.156000E-4	500.893
6.478500	2.594200E-2	0.000000E+0	500.886
6.559000	2.411080E-2	-3.052000E-4	500.893
6.638500	2.197440E-2	3.052000E-4	500.890
6.719000	2.136400E-2	9.156000E-4	500.872
6.798500	1.983800E-2	9.156000E-4	500.861
6.878500	1.861720E-2	-3.052000E-4	500.858
6.958500	1.709120E-2	-6.104000E-4	500.856
7.039000	1.648080E-2	0.000000E+0	500.859
7.119000	1.495480E-2	1.220800E-3	500.851
7.198500	1.526000E-2	3.052000E-4	500.853
7.279000	1.495480E-2	-3.052000E-4	500.851
7.358500	1.403920E-2	-6.104000E-4	500.847
7.438500	1.251320E-2	6.104000E-4	500.842
7.519000	1.281840E-2	9.156000E-4	500.833
7.598500	1.373400E-2	9.156000E-4	500.825
7.679000	1.312360E-2	3.052000E-4	500.824
7.758000	1.220800E-2	-6.104000E-4	500.816
7.838500	1.159760E-2	6.104000E-4	500.812
7.919000	1.129240E-2	1.526000E-3	500.803
7.998500	1.251320E-2	6.104000E-4	500.803
8.078500	1.129240E-2	0.000000E+0	500.797
8.158500	1.068200E-2	0.000000E+0	500.793
8.239000	1.007160E-2	0.000000E+0	500.792
8.318500	1.068200E-2	1.526000E-3	500.790
8.398500	1.098720E-2	6.104000E-4	500.788
8.478500	1.098720E-2	6.104000E-4	500.788
8.559000	9.766400E-3	-6.104000E-4	500.780
8.638500	9.461200E-3	6.104000E-4	500.783
8.719500	9.766400E-3	3.052000E-4	500.768
8.798500	9.766400E-3	-3.052000E-4	500.763
8.878500	9.461200E-3	0.000000E+0	500.754
8.959000	7.935200E-3	-3.052000E-4	500.745
9.038500	7.630000E-3	1.220800E-3	500.746
9.118500	7.935200E-3	1.526000E-3	500.744
9.199000	8.850800E-3	0.000000E+0	500.736
9.279000	7.630000E-3	3.052000E-4	500.739
9.359000	6.714400E-3	-3.052000E-4	500.732
9.438500	7.019600E-3	0.000000E+0	500.727
9.519000	6.714400E-3	6.104000E-4	500.728
9.599000	7.019600E-3	3.052000E-4	500.729
9.679000	7.019600E-3	-3.052000E-4	500.729
9.758500	5.493600E-3	-3.052000E-4	500.721
9.839000	5.188400E-3	3.052000E-4	500.713
9.918500	6.104000E-3	3.052000E-4	500.713
9.999000	5.798800E-3	0.000000E+0	500.703
10.079000	5.798800E-3	3.052000E-4	500.705
10.158500	5.493600E-3	-6.104000E-4	500.680
10.239000	4.883200E-3	9.156000E-4	500.684
10.318500	5.798800E-3	1.831200E-3	500.680
10.399000	5.493600E-3	-3.052000E-4	500.680
10.479000	5.188400E-3	-3.052000E-4	500.674
10.558500	4.578000E-3	6.104000E-4	500.675
10.639000	4.883200E-3	1.220800E-3	500.671
10.717500	5.493600E-3	1.526000E-3	500.667
10.800000	6.104000E-3	0.000000E+0	500.658
10.878000	5.493600E-3	-9.156000E-4	500.660
10.959500	5.493600E-3	0.000000E+0	500.657
11.038000	4.883200E-3	9.156000E-4	500.654
11.119000	5.188400E-3	9.156000E-4	500.654
11.199000	6.409200E-3	9.156000E-4	500.641
11.279000	5.493600E-3	-6.104000E-4	500.627
11.359000	5.493600E-3	9.156000E-4	500.619
11.438500	5.493600E-3	1.220800E-3	500.619
11.518500	6.104000E-3	1.526000E-3	500.616
11.599000	5.798800E-3	0.000000E+0	500.611
11.678500	5.798800E-3	-3.052000E-4	500.611
11.759000	5.188400E-3	6.104000E-4	500.609
11.839000	6.409200E-3	6.104000E-4	500.611
11.918500	6.104000E-3	9.156000E-4	500.603
11.999000	6.104000E-3	0.000000E+0	500.601
