Sunday, May 11, 2025 08:27:11 PM
0.000500	3.641036E-1	9.156000E-4	500.734
0.075000	4.901512E-1	3.052000E-4	500.729
0.160000	8.512028E-1	3.052000E-4	500.729
0.238000	9.842700E-1	9.156000E-4	500.731
0.319000	9.754192E-1	1.220800E-3	500.721
0.398500	9.479512E-1	1.220800E-3	500.714
0.479000	9.174312E-1	-3.052000E-4	500.704
0.558000	8.869112E-1	0.000000E+0	500.702
0.639000	8.560860E-1	3.052000E-4	500.690
0.718000	8.280076E-1	1.220800E-3	500.681
0.798500	7.977928E-1	0.000000E+0	500.688
0.879000	7.700196E-1	0.000000E+0	500.680
0.958500	7.416360E-1	0.000000E+0	500.678
1.039000	7.138628E-1	3.052000E-4	500.678
1.118500	6.882260E-1	1.220800E-3	500.673
1.199500	6.622840E-1	9.156000E-4	500.668
1.278000	6.387836E-1	0.000000E+0	500.663
1.359500	6.128416E-1	3.052000E-4	500.667
1.438500	5.896464E-1	3.052000E-4	500.664
1.519000	5.655356E-1	1.220800E-3	500.659
1.599000	5.429508E-1	6.104000E-4	500.653
1.678500	5.197556E-1	-3.052000E-4	500.652
1.758500	4.962552E-1	3.052000E-4	500.643
1.838500	4.739756E-1	6.104000E-4	500.635
1.919000	4.516960E-1	1.526000E-3	500.629
1.998000	4.306372E-1	1.220800E-3	500.619
2.079000	4.092732E-1	0.000000E+0	500.612
2.158500	3.882144E-1	-6.104000E-4	500.613
2.239000	3.677660E-1	9.156000E-4	500.611
2.318500	3.473176E-1	1.526000E-3	500.609
2.399000	3.277848E-1	9.156000E-4	500.602
2.478500	3.094728E-1	0.000000E+0	500.599
2.558500	2.905504E-1	-3.052000E-4	500.600
2.639000	2.710176E-1	6.104000E-4	500.588
2.718500	2.539264E-1	9.156000E-4	500.585
2.799000	2.359196E-1	0.000000E+0	500.581
2.878000	2.206596E-1	-3.052000E-4	500.583
2.959000	2.023476E-1	-3.052000E-4	500.582
3.038500	1.864772E-1	3.052000E-4	500.561
3.118500	1.706068E-1	9.156000E-4	500.558
3.198500	1.577884E-1	6.104000E-4	500.555
3.279500	1.440544E-1	0.000000E+0	500.555
3.358000	1.309308E-1	-3.052000E-4	500.554
3.439500	1.178072E-1	3.052000E-4	500.549
3.518500	1.077356E-1	1.526000E-3	500.548
3.599000	9.674840E-2	3.052000E-4	500.542
3.678500	8.728720E-2	-3.052000E-4	500.539
3.759500	7.813120E-2	-3.052000E-4	500.530
3.838000	6.989080E-2	3.052000E-4	500.529
3.919000	6.256600E-2	9.156000E-4	500.524
3.998500	5.768280E-2	9.156000E-4	500.517
4.079000	5.188400E-2	0.000000E+0	500.522
4.158000	4.639040E-2	-3.052000E-4	500.513
4.239000	4.242280E-2	9.156000E-4	500.503
4.318500	3.845520E-2	1.220800E-3	500.490
4.398500	3.540320E-2	6.104000E-4	500.491
4.479000	3.326680E-2	0.000000E+0	500.490
4.559000	3.082520E-2	3.052000E-4	500.488
4.639000	2.807840E-2	9.156000E-4	500.486
4.718500	2.746800E-2	1.526000E-3	500.486
4.798000	2.624720E-2	6.104000E-4	500.482
4.879000	2.655240E-2	0.000000E+0	500.483
4.958500	2.472120E-2	-6.104000E-4	500.467
5.039000	2.441600E-2	6.104000E-4	500.472
5.118500	2.441600E-2	9.156000E-4	500.464
5.199000	2.380560E-2	0.000000E+0	500.460
5.278500	2.166920E-2	-3.052000E-4	500.457
5.358500	1.983800E-2	-3.052000E-4	500.446
5.439500	1.892240E-2	3.052000E-4	500.440
5.518500	1.922760E-2	1.220800E-3	500.444
5.599000	1.892240E-2	6.104000E-4	500.433
5.678500	1.770160E-2	0.000000E+0	500.429
5.759000	1.678600E-2	0.000000E+0	500.427
5.838500	1.709120E-2	3.052000E-4	500.426
5.918500	1.617560E-2	3.052000E-4	500.422
5.998500	1.556520E-2	6.104000E-4	500.423
6.079000	1.464960E-2	-3.052000E-4	500.419
6.158500	1.342880E-2	0.000000E+0	500.417
6.239000	1.159760E-2	1.220800E-3	500.413
6.318500	1.068200E-2	1.220800E-3	500.392
6.399000	1.037680E-2	6.104000E-4	500.396
6.478500	9.461200E-3	0.000000E+0	500.384
6.559500	8.850800E-3	3.052000E-4	500.375
6.638500	7.935200E-3	6.104000E-4	500.372
6.719000	8.240400E-3	9.156000E-4	500.376
6.798500	8.850800E-3	3.052000E-4	500.372
6.879000	8.545600E-3	-6.104000E-4	500.369
6.960000	7.630000E-3	-6.104000E-4	500.365
7.035500	6.409200E-3	-6.104000E-4	500.365
7.119500	5.188400E-3	3.052000E-4	500.364
7.197500	5.188400E-3	3.052000E-4	500.365
7.279500	5.188400E-3	1.220800E-3	500.359
7.358000	5.798800E-3	3.052000E-4	500.353
7.440000	5.188400E-3	6.104000E-4	500.348
7.518000	6.409200E-3	0.000000E+0	500.436
7.599000	6.409200E-3	-3.052000E-4	500.435
7.678500	5.798800E-3	0.000000E+0	500.428
7.760000	6.714400E-3	-3.052000E-4	500.426
7.837000	5.493600E-3	-3.052000E-4	500.423
7.919500	4.883200E-3	3.052000E-4	500.426
7.998500	5.493600E-3	1.526000E-3	500.425
8.078500	5.188400E-3	-3.052000E-4	500.418
8.158500	5.493600E-3	-6.104000E-4	500.367
8.239000	4.883200E-3	0.000000E+0	500.365
8.318500	4.883200E-3	6.104000E-4	500.366
8.398500	6.104000E-3	1.220800E-3	500.364
8.479000	6.714400E-3	-3.052000E-4	500.366
8.558500	7.630000E-3	-6.104000E-4	500.362
8.639000	6.409200E-3	-3.052000E-4	500.359
8.718500	6.104000E-3	9.156000E-4	500.356
8.799000	6.409200E-3	1.220800E-3	500.344
8.878500	6.104000E-3	6.104000E-4	500.342
8.959000	6.104000E-3	-6.104000E-4	500.333
9.038500	4.578000E-3	0.000000E+0	500.322
9.118500	4.883200E-3	6.104000E-4	500.324
9.198500	4.272800E-3	1.526000E-3	500.324
9.279000	4.883200E-3	-3.052000E-4	500.314
9.359500	5.798800E-3	-3.052000E-4	500.311
9.437500	4.883200E-3	0.000000E+0	500.305
9.519000	5.188400E-3	9.156000E-4	500.304
9.598500	5.798800E-3	1.220800E-3	500.304
9.679000	6.104000E-3	3.052000E-4	500.301
9.759000	4.883200E-3	0.000000E+0	500.300
9.838000	4.883200E-3	3.052000E-4	500.294
9.919500	3.662400E-3	0.000000E+0	500.294
9.998000	4.272800E-3	1.526000E-3	500.288
10.079000	3.967600E-3	3.052000E-4	500.272
10.158500	4.272800E-3	-6.104000E-4	500.270
10.239000	3.662400E-3	0.000000E+0	500.261
10.319000	4.272800E-3	6.104000E-4	500.259
10.398500	4.578000E-3	1.526000E-3	500.256
10.479000	4.883200E-3	3.052000E-4	500.249
10.558500	3.357200E-3	-3.052000E-4	500.248
10.639000	3.967600E-3	3.052000E-4	500.244
10.718000	3.662400E-3	0.000000E+0	500.244
10.799000	4.578000E-3	6.104000E-4	500.240
10.878500	3.967600E-3	0.000000E+0	500.234
10.958500	4.578000E-3	-3.052000E-4	500.239
11.039000	4.272800E-3	-3.052000E-4	500.233
11.118500	3.662400E-3	3.052000E-4	500.227
11.199000	3.967600E-3	1.526000E-3	500.227
11.278500	5.188400E-3	6.104000E-4	500.217
11.358500	5.188400E-3	-3.052000E-4	500.210
11.439000	4.578000E-3	3.052000E-4	500.198
11.518500	3.967600E-3	3.052000E-4	500.192
11.599000	4.883200E-3	1.526000E-3	500.188
11.679000	5.188400E-3	3.052000E-4	500.186
11.758500	4.272800E-3	-3.052000E-4	500.188
11.839000	3.357200E-3	3.052000E-4	500.183
11.918500	3.357200E-3	1.220800E-3	500.183
11.998500	5.188400E-3	1.220800E-3	500.178
