Sunday, May 11, 2025 08:29:03 PM
0.000500	2.115036E-1	9.156000E-4	500.133
0.075000	2.774268E-1	1.220800E-3	500.127
0.159500	5.591264E-1	3.052000E-4	500.126
0.238000	6.891416E-1	0.000000E+0	500.127
0.319000	6.995184E-1	9.156000E-4	500.124
0.398000	6.809012E-1	1.220800E-3	500.117
0.479000	6.589268E-1	1.831200E-3	500.121
0.558500	6.393940E-1	3.052000E-4	500.114
0.638500	6.174196E-1	-3.052000E-4	500.111
0.718500	5.966660E-1	-3.052000E-4	500.105
0.798500	5.753020E-1	9.156000E-4	500.102
0.878500	5.554640E-1	1.526000E-3	500.090
0.958500	5.371520E-1	-3.052000E-4	500.083
1.038500	5.185348E-1	-3.052000E-4	500.078
1.119000	4.996124E-1	3.052000E-4	500.075
1.199000	4.813004E-1	6.104000E-4	500.066
1.278500	4.660404E-1	9.156000E-4	500.064
1.359000	4.483388E-1	0.000000E+0	500.065
1.438500	4.324684E-1	-3.052000E-4	500.064
1.519000	4.162928E-1	3.052000E-4	500.059
1.598000	4.007276E-1	1.220800E-3	500.059
1.679000	3.851624E-1	9.156000E-4	500.056
1.758500	3.705128E-1	3.052000E-4	500.050
1.839000	3.549476E-1	6.104000E-4	500.050
1.918500	3.406032E-1	9.156000E-4	500.048
1.999000	3.253432E-1	9.156000E-4	500.040
2.078000	3.128300E-1	9.156000E-4	500.043
2.159000	2.987908E-1	3.052000E-4	500.040
2.238500	2.856672E-1	-6.104000E-4	500.024
2.319000	2.716280E-1	0.000000E+0	500.013
2.398500	2.594200E-1	1.220800E-3	500.008
2.479500	2.481276E-1	1.220800E-3	500.003
2.558500	2.350040E-1	0.000000E+0	500.000
2.639000	2.227960E-1	0.000000E+0	500.003
2.718500	2.111984E-1	6.104000E-4	500.001
2.798500	1.999060E-1	9.156000E-4	499.998
2.878500	1.895292E-1	9.156000E-4	499.998
2.958500	1.785420E-1	0.000000E+0	499.999
3.039000	1.666392E-1	0.000000E+0	499.996
3.118500	1.559572E-1	0.000000E+0	499.979
3.199000	1.474116E-1	9.156000E-4	499.974
3.279000	1.385608E-1	6.104000E-4	499.970
3.358500	1.290996E-1	0.000000E+0	499.976
3.439000	1.199436E-1	-3.052000E-4	499.966
3.519000	1.110928E-1	9.156000E-4	499.950
3.598500	1.025472E-1	1.220800E-3	500.819
3.678500	9.644320E-2	6.104000E-4	500.809
3.758500	8.911840E-2	-3.052000E-4	500.812
3.839500	8.209880E-2	0.000000E+0	500.808
3.918000	7.568960E-2	6.104000E-4	500.801
3.999500	7.050120E-2	6.104000E-4	500.796
4.078000	6.622840E-2	6.104000E-4	500.796
4.159000	6.042960E-2	3.052000E-4	500.792
4.238500	5.585160E-2	-3.052000E-4	500.793
4.319000	5.127360E-2	1.220800E-3	500.786
4.398500	4.791640E-2	9.156000E-4	500.781
4.479500	4.547480E-2	6.104000E-4	500.771
4.559500	4.303320E-2	9.156000E-4	500.772
4.638000	3.967600E-2	9.156000E-4	500.764
4.719500	3.662400E-2	3.052000E-4	500.762
4.798000	3.418240E-2	0.000000E+0	500.755
4.878500	3.296160E-2	6.104000E-4	500.755
4.959000	3.082520E-2	6.104000E-4	500.746
5.040000	3.021480E-2	3.052000E-4	500.743
5.116000	2.868880E-2	-6.104000E-4	500.736
5.199500	2.685760E-2	-3.052000E-4	500.735
5.278000	2.594200E-2	6.104000E-4	500.732
5.358500	2.472120E-2	1.220800E-3	500.732
5.439000	2.411080E-2	3.052000E-4	500.732
5.518500	2.350040E-2	-3.052000E-4	500.726
5.599500	2.075360E-2	-3.052000E-4	500.729
5.678500	2.014320E-2	9.156000E-4	500.719
5.759000	1.953280E-2	1.220800E-3	500.719
5.838500	1.953280E-2	3.052000E-4	500.708
5.919000	1.770160E-2	-3.052000E-4	500.707
5.999000	1.648080E-2	3.052000E-4	500.697
6.078500	1.556520E-2	9.156000E-4	500.687
6.159000	1.464960E-2	6.104000E-4	500.690
6.239000	1.403920E-2	6.104000E-4	500.674
6.318500	1.312360E-2	0.000000E+0	500.671
6.399000	1.251320E-2	3.052000E-4	500.676
6.478500	1.129240E-2	6.104000E-4	500.670
6.559500	1.098720E-2	1.220800E-3	500.669
6.638500	1.007160E-2	0.000000E+0	500.667
6.718500	8.850800E-3	-6.104000E-4	500.668
6.799000	7.935200E-3	-3.052000E-4	500.662
6.878500	7.935200E-3	6.104000E-4	500.652
6.959000	7.324800E-3	1.220800E-3	500.648
7.038500	7.630000E-3	3.052000E-4	500.642
7.118500	7.019600E-3	0.000000E+0	500.631
7.199000	6.714400E-3	0.000000E+0	500.635
7.279000	6.104000E-3	1.220800E-3	500.630
7.358500	6.714400E-3	1.526000E-3	500.617
7.438500	7.019600E-3	3.052000E-4	500.625
7.519000	6.104000E-3	-6.104000E-4	500.612
7.598500	5.798800E-3	3.052000E-4	500.610
7.678500	6.104000E-3	9.156000E-4	500.609
7.758500	7.019600E-3	9.156000E-4	500.608
7.838500	7.324800E-3	-3.052000E-4	500.606
7.919000	7.019600E-3	-9.156000E-4	500.601
7.998500	5.493600E-3	-3.052000E-4	500.600
8.079000	5.493600E-3	6.104000E-4	500.601
8.158500	6.714400E-3	1.220800E-3	500.595
8.239000	7.324800E-3	-3.052000E-4	500.578
8.319000	6.409200E-3	-9.156000E-4	500.569
8.398500	6.714400E-3	3.052000E-4	500.559
8.478500	6.714400E-3	6.104000E-4	500.558
8.559000	7.324800E-3	9.156000E-4	500.558
8.639000	6.409200E-3	0.000000E+0	500.552
8.718500	6.714400E-3	-3.052000E-4	500.551
8.798500	5.798800E-3	-3.052000E-4	500.549
8.878500	5.493600E-3	1.220800E-3	500.542
8.958500	7.019600E-3	1.220800E-3	500.542
9.039000	6.409200E-3	0.000000E+0	500.543
9.118500	6.104000E-3	0.000000E+0	500.538
9.199500	5.798800E-3	3.052000E-4	500.539
9.278500	5.188400E-3	9.156000E-4	500.533
9.359000	6.104000E-3	1.220800E-3	500.532
9.438500	5.493600E-3	0.000000E+0	500.510
9.518500	5.188400E-3	-3.052000E-4	500.507
9.599000	4.578000E-3	-3.052000E-4	500.501
9.678500	3.967600E-3	9.156000E-4	500.501
9.758500	4.578000E-3	6.104000E-4	500.494
9.838500	4.578000E-3	3.052000E-4	500.497
9.919000	4.578000E-3	-6.104000E-4	500.491
9.998000	4.272800E-3	0.000000E+0	500.490
10.079000	3.662400E-3	9.156000E-4	500.485
10.158500	3.967600E-3	1.220800E-3	500.485
10.239000	3.967600E-3	-3.052000E-4	500.484
10.318500	4.578000E-3	-3.052000E-4	500.480
10.399000	3.662400E-3	3.052000E-4	500.468
10.478000	3.967600E-3	9.156000E-4	500.470
10.559000	3.967600E-3	6.104000E-4	500.468
10.638500	4.578000E-3	3.052000E-4	500.466
10.719000	4.272800E-3	-6.104000E-4	500.447
10.798500	3.357200E-3	3.052000E-4	500.449
10.879000	3.662400E-3	9.156000E-4	500.436
10.958500	4.883200E-3	1.526000E-3	500.439
11.039000	4.883200E-3	0.000000E+0	500.433
11.118500	4.272800E-3	-6.104000E-4	500.431
11.199000	3.967600E-3	0.000000E+0	500.429
11.279000	4.272800E-3	1.220800E-3	500.427
11.358500	4.883200E-3	9.156000E-4	500.420
11.439000	4.883200E-3	6.104000E-4	500.420
11.518500	4.578000E-3	-9.156000E-4	500.417
11.598500	4.578000E-3	0.000000E+0	500.406
11.679000	4.578000E-3	9.156000E-4	500.406
11.758500	5.188400E-3	3.052000E-4	500.395
11.839000	5.493600E-3	3.052000E-4	500.395
11.918500	5.798800E-3	-3.052000E-4	500.385
11.998500	4.883200E-3	6.104000E-4	500.380
