Sunday, May 11, 2025 08:29:41 PM
0.000500	1.440544E-1	3.052000E-4	500.101
0.075500	1.803732E-1	1.220800E-3	500.099
0.159500	3.674608E-1	3.052000E-4	500.088
0.238000	4.568844E-1	-3.052000E-4	500.072
0.319500	4.599364E-1	3.052000E-4	500.073
0.398500	4.492544E-1	3.052000E-4	500.065
0.479000	4.367412E-1	1.526000E-3	500.064
0.558500	4.242280E-1	0.000000E+0	500.064
0.638000	4.117148E-1	0.000000E+0	500.062
0.719000	3.985912E-1	3.052000E-4	500.063
0.798500	3.866884E-1	3.052000E-4	500.056
0.878500	3.738700E-1	1.526000E-3	500.055
0.958500	3.628828E-1	6.104000E-4	500.049
1.038500	3.518956E-1	3.052000E-4	500.040
1.118500	3.406032E-1	0.000000E+0	500.046
1.198500	3.290056E-1	9.156000E-4	500.041
1.279000	3.195444E-1	1.526000E-3	500.029
1.358500	3.091676E-1	6.104000E-4	500.018
1.439000	2.990960E-1	3.052000E-4	500.021
1.519000	2.887192E-1	-3.052000E-4	500.005
1.595500	2.798684E-1	0.000000E+0	500.007
1.679500	2.682708E-1	3.052000E-4	500.006
1.757500	2.597252E-1	1.220800E-3	500.000
1.839500	2.496536E-1	9.156000E-4	500.000
1.918000	2.411080E-1	3.052000E-4	500.000
1.999000	2.310364E-1	3.052000E-4	499.996
2.078500	2.221856E-1	0.000000E+0	499.996
2.158500	2.133348E-1	1.220800E-3	499.989
2.239000	2.057048E-1	9.156000E-4	499.973
2.318000	1.974644E-1	3.052000E-4	499.972
2.399000	1.873928E-1	-3.052000E-4	499.966
2.478500	1.794576E-1	3.052000E-4	499.961
2.559000	1.715224E-1	9.156000E-4	499.956
2.638500	1.635872E-1	1.526000E-3	499.952
2.718500	1.559572E-1	0.000000E+0	501.115
2.798500	1.480220E-1	3.052000E-4	501.107
2.879000	1.397816E-1	9.156000E-4	501.100
2.958000	1.327620E-1	1.220800E-3	501.099
3.039000	1.251320E-1	9.156000E-4	501.099
3.118000	1.190280E-1	0.000000E+0	501.099
3.199500	1.113980E-1	0.000000E+0	501.099
3.278000	1.043784E-1	6.104000E-4	501.096
3.359000	9.735880E-2	1.526000E-3	501.093
3.438500	9.156000E-2	9.156000E-4	501.077
3.519000	8.545600E-2	6.104000E-4	501.084
3.599000	7.996240E-2	-3.052000E-4	501.078
3.679500	7.385840E-2	1.220800E-3	501.064
3.757500	6.775440E-2	6.104000E-4	501.060
3.840000	6.348160E-2	-3.052000E-4	501.053
3.916000	5.981920E-2	3.052000E-4	501.051
4.000000	5.432560E-2	-3.052000E-4	501.051
4.078000	5.066320E-2	0.000000E+0	501.041
4.160000	4.639040E-2	-3.052000E-4	501.038
4.237500	4.303320E-2	6.104000E-4	501.036
4.319000	3.967600E-2	1.220800E-3	501.033
4.398500	3.784480E-2	1.220800E-3	501.031
4.479500	3.387720E-2	0.000000E+0	501.035
4.557000	3.204600E-2	-9.156000E-4	501.032
4.639000	2.960440E-2	3.052000E-4	501.026
4.717500	2.777320E-2	1.526000E-3	501.012
4.799000	2.716280E-2	1.220800E-3	500.997
4.878000	2.594200E-2	-6.104000E-4	501.004
4.959000	2.350040E-2	0.000000E+0	501.002
5.038500	2.227960E-2	3.052000E-4	500.996
5.119000	2.136400E-2	9.156000E-4	500.994
5.198500	2.136400E-2	6.104000E-4	500.983
5.279000	1.953280E-2	0.000000E+0	500.983
5.359000	1.892240E-2	0.000000E+0	500.979
5.438500	1.770160E-2	6.104000E-4	500.977
5.519000	1.678600E-2	1.220800E-3	500.975
5.599000	1.709120E-2	3.052000E-4	500.977
5.678500	1.617560E-2	-3.052000E-4	500.971
5.758500	1.464960E-2	3.052000E-4	500.971
5.839000	1.434440E-2	9.156000E-4	500.968
5.919000	1.281840E-2	1.526000E-3	500.970
5.998500	1.312360E-2	-3.052000E-4	500.954
6.079000	1.281840E-2	-9.156000E-4	500.944
6.158500	1.159760E-2	0.000000E+0	500.935
6.239000	1.068200E-2	9.156000E-4	500.932
6.319000	1.007160E-2	1.526000E-3	500.929
6.399000	9.766400E-3	9.156000E-4	500.923
6.479000	1.007160E-2	-6.104000E-4	500.920
6.558500	9.156000E-3	-3.052000E-4	500.919
6.638000	7.935200E-3	0.000000E+0	500.914
6.719500	7.630000E-3	1.526000E-3	500.911
6.798500	8.545600E-3	6.104000E-4	500.910
6.879000	7.019600E-3	-3.052000E-4	500.907
6.958500	6.104000E-3	-6.104000E-4	500.899
7.038500	6.104000E-3	9.156000E-4	500.904
7.119000	6.104000E-3	1.526000E-3	500.896
7.198500	6.714400E-3	0.000000E+0	500.895
7.279000	6.104000E-3	-9.156000E-4	500.882
7.358500	5.798800E-3	-6.104000E-4	500.881
7.439000	5.493600E-3	0.000000E+0	500.869
7.518500	6.104000E-3	1.220800E-3	500.869
7.599500	6.409200E-3	3.052000E-4	500.862
7.678500	6.104000E-3	-6.104000E-4	500.862
7.758500	5.493600E-3	-3.052000E-4	500.856
7.838500	5.188400E-3	3.052000E-4	500.856
7.919000	6.104000E-3	1.526000E-3	500.853
7.999000	6.409200E-3	3.052000E-4	500.848
8.078500	5.493600E-3	-3.052000E-4	500.844
8.159000	5.798800E-3	-3.052000E-4	500.844
8.238500	5.493600E-3	6.104000E-4	500.843
8.319000	6.104000E-3	9.156000E-4	500.838
8.399000	5.798800E-3	6.104000E-4	500.826
8.478500	5.493600E-3	-3.052000E-4	500.825
8.559500	5.493600E-3	6.104000E-4	500.803
8.638500	4.578000E-3	1.220800E-3	500.806
8.719000	6.104000E-3	9.156000E-4	500.804
8.798500	5.798800E-3	-3.052000E-4	500.803
8.879000	5.188400E-3	-3.052000E-4	500.795
8.959000	5.188400E-3	3.052000E-4	500.793
9.038500	4.272800E-3	9.156000E-4	500.793
9.119000	5.493600E-3	1.220800E-3	500.790
9.199000	5.798800E-3	3.052000E-4	500.788
9.278500	5.493600E-3	-6.104000E-4	500.782
9.359500	4.883200E-3	6.104000E-4	500.777
9.437500	3.967600E-3	6.104000E-4	500.774
9.519500	5.188400E-3	9.156000E-4	500.767
9.598000	5.798800E-3	3.052000E-4	500.763
9.679000	4.272800E-3	-1.220800E-3	500.757
9.758500	3.967600E-3	3.052000E-4	500.756
9.838500	4.578000E-3	6.104000E-4	500.743
9.918500	4.883200E-3	3.052000E-4	500.739
9.998500	4.578000E-3	6.104000E-4	500.732
10.079000	3.967600E-3	-3.052000E-4	500.732
10.159000	3.967600E-3	3.052000E-4	500.731
10.238500	3.967600E-3	1.220800E-3	500.729
10.319000	4.272800E-3	9.156000E-4	500.730
10.398000	4.272800E-3	3.052000E-4	500.726
10.479000	3.357200E-3	-3.052000E-4	500.719
10.558500	3.967600E-3	6.104000E-4	500.715
10.639000	3.662400E-3	1.220800E-3	500.709
10.718500	4.272800E-3	9.156000E-4	500.691
10.799000	4.578000E-3	-3.052000E-4	500.684
10.878500	4.272800E-3	0.000000E+0	500.687
10.958500	3.967600E-3	3.052000E-4	500.683
11.038500	3.052000E-3	9.156000E-4	500.687
11.118500	4.883200E-3	6.104000E-4	500.679
11.198500	4.578000E-3	0.000000E+0	500.671
11.279000	3.662400E-3	-3.052000E-4	500.672
11.358500	4.272800E-3	9.156000E-4	500.671
11.439000	3.967600E-3	1.526000E-3	500.667
11.518500	4.272800E-3	3.052000E-4	500.660
11.599000	4.578000E-3	-3.052000E-4	500.661
11.679000	4.578000E-3	3.052000E-4	500.659
11.758500	3.662400E-3	9.156000E-4	500.645
11.838500	4.883200E-3	1.220800E-3	500.633
11.919000	5.188400E-3	3.052000E-4	500.631
11.998500	4.883200E-3	3.052000E-4	500.632
