Saturday, May 10, 2025 11:35:42 AM
459.952419	3.877261E+0	6.104000E-4	491.333
460.314433	3.758233E+0	0.000000E+0	491.324
460.660891	3.636763E+0	-6.104000E-4	491.321
461.005180	3.453948E+0	0.000000E+0	491.322
461.344591	3.424649E+0	9.156000E-4	491.318
461.673705	3.495456E+0	6.104000E-4	491.318
462.022213	3.450591E+0	3.052000E-4	491.321
462.352294	3.344382E+0	0.000000E+0	491.309
462.682847	3.240919E+0	6.104000E-4	491.308
463.019304	3.239698E+0	6.104000E-4	491.293
463.356250	3.351401E+0	9.156000E-4	491.283
463.688241	3.505527E+0	3.052000E-4	491.281
464.017980	3.625776E+0	0.000000E+0	491.277
464.353651	3.678881E+0	6.104000E-4	491.272
464.687073	3.662095E+0	9.156000E-4	491.271
465.023714	3.598003E+0	6.104000E-4	491.272
465.352613	3.505832E+0	-3.052000E-4	491.273
465.681979	3.382532E+0	-3.052000E-4	491.259
466.020062	3.252211E+0	3.052000E-4	491.266
466.355883	3.129826E+0	6.104000E-4	491.257
466.689429	3.070922E+0	9.156000E-4	491.252
467.020690	3.074890E+0	3.052000E-4	491.252
467.349655	3.071533E+0	0.000000E+0	491.245
467.690165	3.032467E+0	6.104000E-4	491.241
468.022849	2.984551E+0	1.526000E-3	491.234
468.356006	2.968986E+0	9.156000E-4	491.221
468.681292	3.029415E+0	0.000000E+0	491.212
469.015388	3.174080E+0	0.000000E+0	491.213
469.352750	3.342856E+0	3.052000E-4	491.212
469.685010	3.486605E+0	9.156000E-4	491.212
470.020539	3.590983E+0	9.156000E-4	491.209
470.353745	3.657822E+0	0.000000E+0	491.209
470.681813	3.701771E+0	-3.052000E-4	491.208
471.021578	3.726492E+0	3.052000E-4	491.198
471.353391	3.742668E+0	9.156000E-4	491.191
471.688491	3.748161E+0	6.104000E-4	491.193
472.021245	3.750298E+0	0.000000E+0	491.181
472.354470	3.750603E+0	0.000000E+0	491.180
472.682505	3.748772E+0	3.052000E-4	491.164
473.019498	3.744804E+0	9.156000E-4	491.164
473.356971	3.740531E+0	9.156000E-4	491.162
473.689243	3.735343E+0	0.000000E+0	491.158
474.019135	3.729239E+0	0.000000E+0	491.157
474.346638	3.722219E+0	6.104000E-4	491.150
474.688862	3.717641E+0	9.156000E-4	491.150
475.020149	3.709401E+0	3.052000E-4	491.145
475.354760	3.699329E+0	3.052000E-4	491.145
475.684112	3.688342E+0	-6.104000E-4	491.145
476.022530	3.681017E+0	3.052000E-4	491.142
476.347059	3.669114E+0	6.104000E-4	491.231
476.689299	3.658127E+0	6.104000E-4	491.228
477.020503	3.645614E+0	-3.052000E-4	491.228
477.352168	3.630659E+0	0.000000E+0	491.220
477.690074	3.618451E+0	3.052000E-4	491.212
478.022670	3.602581E+0	9.156000E-4	491.216
478.349934	3.588542E+0	1.220800E-3	491.214
478.680548	3.574502E+0	0.000000E+0	491.207
479.023244	3.561074E+0	-6.104000E-4	491.206
479.357700	3.547645E+0	0.000000E+0	491.202
479.689709	3.535132E+0	6.104000E-4	491.205
480.016342	3.524755E+0	6.104000E-4	491.193
480.355109	3.514378E+0	0.000000E+0	491.191
480.682649	3.503696E+0	-3.052000E-4	491.188
481.019427	3.493624E+0	3.052000E-4	491.182
481.353743	3.479890E+0	9.156000E-4	491.177
481.694401	3.470124E+0	9.156000E-4	491.161
482.020827	3.458221E+0	0.000000E+0	491.161
482.356537	3.446929E+0	0.000000E+0	491.159
482.686813	3.435026E+0	3.052000E-4	491.153
483.017541	3.420987E+0	6.104000E-4	491.149
483.351682	3.407253E+0	1.220800E-3	491.149
483.683322	3.392908E+0	0.000000E+0	491.149
484.021353	3.376733E+0	-3.052000E-4	491.149
484.353913	3.360557E+0	0.000000E+0	491.149
484.689906	3.344992E+0	6.104000E-4	491.141
485.020406	3.328511E+0	9.156000E-4	491.134
485.357325	3.312946E+0	0.000000E+0	491.134
485.685749	3.294024E+0	-6.104000E-4	491.133
486.014617	3.277238E+0	0.000000E+0	491.121
486.352919	3.259536E+0	9.156000E-4	491.115
486.691692	3.243360E+0	9.156000E-4	491.112
487.018921	3.225354E+0	0.000000E+0	491.112
487.352606	3.208568E+0	0.000000E+0	491.096
487.686749	3.188730E+0	3.052000E-4	491.090
488.024367	3.171638E+0	9.156000E-4	491.090
488.356411	3.153632E+0	1.220800E-3	491.090
488.682858	3.137151E+0	0.000000E+0	491.088
489.018829	3.119449E+0	-3.052000E-4	491.090
489.352228	3.100222E+0	0.000000E+0	491.086
489.686082	3.080994E+0	3.052000E-4	491.081
490.020393	3.063598E+0	9.156000E-4	491.077
490.355160	3.045896E+0	0.000000E+0	491.071
490.687335	3.026668E+0	-3.052000E-4	491.061
491.019960	3.009577E+0	9.156000E-4	491.059
491.359153	2.990044E+0	9.156000E-4	491.054
491.689628	2.971427E+0	1.220800E-3	491.046
492.017482	2.954641E+0	6.104000E-4	491.042
492.348843	2.934498E+0	0.000000E+0	491.038
492.677577	2.917712E+0	3.052000E-4	491.033
493.019065	2.900010E+0	9.156000E-4	491.028
493.354860	2.882309E+0	1.220800E-3	491.029
493.691113	2.864607E+0	3.052000E-4	491.028
494.021642	2.845380E+0	-3.052000E-4	491.021
494.358805	2.826457E+0	-3.052000E-4	491.026
494.684031	2.809366E+0	6.104000E-4	491.023
495.018995	2.792580E+0	1.220800E-3	491.025
495.354413	2.775794E+0	3.052000E-4	491.016
495.687174	2.757177E+0	-3.052000E-4	491.006
496.020383	2.737339E+0	-3.052000E-4	491.000
496.350919	2.722079E+0	6.104000E-4	490.985
496.681896	2.704377E+0	9.156000E-4	490.995
497.016444	2.686676E+0	3.052000E-4	490.983
497.351442	2.668974E+0	0.000000E+0	490.977
497.686893	2.650052E+0	3.052000E-4	490.974
498.019655	2.633876E+0	9.156000E-4	490.968
498.356007	2.615869E+0	1.220800E-3	490.968
498.689665	2.599694E+0	6.104000E-4	490.964
499.017462	2.581992E+0	0.000000E+0	490.963
499.352006	2.565206E+0	-3.052000E-4	490.962
499.690161	2.548725E+0	3.052000E-4	490.957
500.025608	2.532550E+0	1.220800E-3	490.954
500.355164	2.516984E+0	3.052000E-4	490.951
500.688330	2.501114E+0	-6.104000E-4	490.935
501.021939	2.484633E+0	3.052000E-4	490.926
501.352810	2.469984E+0	6.104000E-4	490.926
501.687306	2.453198E+0	1.220800E-3	490.925
502.022249	2.439464E+0	3.052000E-4	490.914
502.354443	2.424509E+0	-3.052000E-4	490.919
502.683876	2.408944E+0	3.052000E-4	490.915
503.016946	2.397956E+0	3.052000E-4	490.907
503.350458	2.383612E+0	1.220800E-3	491.260
503.684413	2.370183E+0	3.052000E-4	491.254
504.018811	2.356754E+0	0.000000E+0	491.253
504.353653	2.343631E+0	0.000000E+0	491.244
504.685714	2.331728E+0	3.052000E-4	491.246
505.021444	2.319825E+0	9.156000E-4	491.239
505.351151	2.307312E+0	0.000000E+0	491.237
505.684527	2.295104E+0	0.000000E+0	491.225
506.021587	2.283812E+0	-3.052000E-4	491.222
506.352602	2.271909E+0	6.104000E-4	491.218
506.690553	2.260922E+0	0.000000E+0	491.212
507.015932	2.251155E+0	6.104000E-4	491.210
507.354770	2.240778E+0	0.000000E+0	491.210
507.687532	2.230402E+0	9.156000E-4	491.209
508.020730	2.220330E+0	9.156000E-4	491.209
508.357640	2.211784E+0	0.000000E+0	491.211
508.688441	2.201102E+0	-3.052000E-4	491.200
509.019674	2.192252E+0	-3.052000E-4	491.191
509.354624	2.184316E+0	3.052000E-4	491.180
509.690015	2.175771E+0	9.156000E-4	491.186
510.022553	2.166310E+0	6.104000E-4	491.177
510.348928	2.159595E+0	0.000000E+0	491.177
510.688934	2.151355E+0	3.052000E-4	491.163
511.019470	2.142199E+0	9.156000E-4	491.173
511.357058	2.134569E+0	1.220800E-3	491.155
511.691776	2.128160E+0	3.052000E-4	491.152
512.020291	2.120835E+0	0.000000E+0	491.149
512.355878	2.111984E+0	0.000000E+0	491.148
512.685247	2.106796E+0	6.104000E-4	491.147
513.021707	2.100692E+0	9.156000E-4	491.145
513.355271	2.093367E+0	0.000000E+0	491.145
513.689268	2.085737E+0	-3.052000E-4	491.139
514.023701	2.079938E+0	-6.104000E-4	491.130
514.348517	2.073529E+0	9.156000E-4	491.138
514.693874	2.067425E+0	1.526000E-3	491.125
515.022898	2.061931E+0	3.052000E-4	491.119
515.352342	2.055522E+0	0.000000E+0	491.108
515.692312	2.048502E+0	3.052000E-4	491.110
516.015869	2.043314E+0	1.220800E-3	491.103
516.356716	2.037515E+0	1.220800E-3	491.097
516.691250	2.032022E+0	6.104000E-4	491.096
517.019447	2.027749E+0	0.000000E+0	491.093
517.358232	2.020729E+0	0.000000E+0	491.090
517.683883	2.016151E+0	6.104000E-4	491.089
518.023539	2.012489E+0	9.156000E-4	491.088
518.356834	2.006995E+0	0.000000E+0	491.085
518.683744	2.002417E+0	-6.104000E-4	491.079
519.024713	1.996924E+0	-6.104000E-4	491.082
519.352466	1.992040E+0	6.104000E-4	491.058
519.687474	1.988378E+0	9.156000E-4	491.061
520.022915	1.983495E+0	3.052000E-4	491.054
520.348501	1.978612E+0	3.052000E-4	491.053
520.691664	1.972508E+0	0.000000E+0	491.039
521.021526	1.968540E+0	9.156000E-4	491.035
521.351806	1.965793E+0	1.220800E-3	491.034
521.685953	1.963046E+0	6.104000E-4	491.038
522.017076	1.957858E+0	0.000000E+0	491.032
522.358988	1.953890E+0	0.000000E+0	491.028
522.684046	1.950838E+0	6.104000E-4	491.026
523.016438	1.947176E+0	6.104000E-4	491.026
523.356192	1.943819E+0	6.104000E-4	491.026
523.689440	1.938936E+0	0.000000E+0	491.019
524.026590	1.936189E+0	-3.052000E-4	491.015
524.357210	1.932526E+0	6.104000E-4	491.014
524.688248	1.929169E+0	1.220800E-3	490.998
525.023195	1.924896E+0	6.104000E-4	490.992
525.358570	1.922150E+0	0.000000E+0	490.986
525.690873	1.917572E+0	0.000000E+0	490.980
526.020093	1.913299E+0	1.220800E-3	490.980
526.349725	1.909026E+0	1.526000E-3	490.979
526.690311	1.906279E+0	6.104000E-4	490.975
527.017266	1.903532E+0	-6.104000E-4	490.977
527.351672	1.897734E+0	-6.104000E-4	490.968
527.690029	1.893461E+0	6.104000E-4	490.966
528.018227	1.891019E+0	1.220800E-3	490.965
528.353904	1.886746E+0	0.000000E+0	490.958
528.682929	1.882474E+0	-6.104000E-4	490.960
529.019452	1.876370E+0	-3.052000E-4	490.955
529.356405	1.871792E+0	6.104000E-4	490.955
529.683126	1.868129E+0	1.220800E-3	491.026
530.020924	1.862636E+0	3.052000E-4	491.228
530.359154	1.856226E+0	0.000000E+0	491.216
530.694249	1.849512E+0	3.052000E-4	491.212
531.026195	1.842187E+0	6.104000E-4	491.220
531.354981	1.834862E+0	1.220800E-3	491.212
531.684175	1.823265E+0	3.052000E-4	491.212
532.024531	1.810752E+0	-3.052000E-4	491.211
532.358145	1.796102E+0	0.000000E+0	491.208
532.684989	1.775348E+0	6.104000E-4	491.207
533.023030	1.742082E+0	1.220800E-3	491.206
533.350691	1.686840E+0	3.052000E-4	491.197
533.685971	1.598943E+0	-3.052000E-4	491.198
534.018060	1.496396E+0	3.052000E-4	491.196
534.354179	1.408803E+0	-3.052000E-4	491.185
534.694342	1.311750E+0	3.052000E-4	491.188
535.024062	1.184481E+0	9.156000E-4	491.183
535.354189	1.042563E+0	6.104000E-4	491.170
535.688358	9.378796E-1	3.052000E-4	491.160
536.026584	9.052232E-1	-3.052000E-4	491.152
536.357949	9.244508E-1	0.000000E+0	491.154
536.689725	9.622956E-1	6.104000E-4	491.151
537.021911	9.998352E-1	6.104000E-4	491.151
537.350852	1.044089E+0	0.000000E+0	491.148
537.683857	1.085291E+0	0.000000E+0	491.151
538.017276	1.109402E+0	6.104000E-4	491.141
538.358450	1.117948E+0	9.156000E-4	491.133
538.692705	1.112454E+0	6.104000E-4	491.130
539.023697	1.092921E+0	3.052000E-4	491.131
539.358779	1.058434E+0	0.000000E+0	491.114
539.690590	1.007160E+0	6.104000E-4	491.113
540.026503	9.546656E-1	1.220800E-3	491.122
540.355437	9.110220E-1	6.104000E-4	491.109
540.688476	8.689044E-1	3.052000E-4	491.102
541.018217	8.289232E-1	-3.052000E-4	491.098
541.352073	7.926044E-1	3.052000E-4	491.093
541.686342	7.636104E-1	9.156000E-4	491.093
542.024744	7.382788E-1	6.104000E-4	491.089
542.359844	7.144732E-1	0.000000E+0	491.087
542.687898	6.906676E-1	-3.052000E-4	491.088
543.023818	6.644204E-1	6.104000E-4	491.083
543.356416	6.406148E-1	6.104000E-4	491.078
543.689421	6.189456E-1	6.104000E-4	491.075
544.022834	6.018544E-1	-3.052000E-4	491.059
544.356657	5.966660E-1	-3.052000E-4	491.066
544.687131	6.107052E-1	9.156000E-4	491.058
545.018008	6.454980E-1	9.156000E-4	491.054
545.360587	6.958560E-1	6.104000E-4	491.049
545.692282	7.474348E-1	0.000000E+0	491.046
546.024381	7.944356E-1	0.000000E+0	491.032
546.356885	8.368584E-1	9.156000E-4	491.031
546.689793	8.701252E-1	9.156000E-4	491.031
547.023108	9.000348E-1	3.052000E-4	491.026
547.353035	9.223144E-1	-3.052000E-4	491.026
547.687159	9.397108E-1	-3.052000E-4	491.025
548.025495	9.549708E-1	6.104000E-4	491.026
548.356632	9.665684E-1	6.104000E-4	491.017
548.691983	9.738932E-1	3.052000E-4	491.011
549.027744	9.799972E-1	0.000000E+0	490.998
549.352449	9.845752E-1	3.052000E-4	491.000
549.685193	9.894584E-1	9.156000E-4	490.995
550.018339	9.961728E-1	1.220800E-3	490.992
550.348054	1.006244E+0	6.104000E-4	490.980
550.693528	1.018147E+0	-3.052000E-4	490.980
551.031744	1.033407E+0	0.000000E+0	490.982
551.358824	1.050804E+0	6.104000E-4	490.971
551.690149	1.068200E+0	9.156000E-4	490.968
552.018012	1.087428E+0	3.052000E-4	490.964
552.350129	1.105434E+0	-3.052000E-4	490.966
552.682646	1.122831E+0	0.000000E+0	490.967
553.023310	1.138396E+0	3.052000E-4	490.960
553.364395	1.152740E+0	1.220800E-3	490.961
553.694251	1.163728E+0	0.000000E+0	490.959
554.024502	1.172578E+0	3.052000E-4	490.952
554.355146	1.179293E+0	0.000000E+0	490.942
554.686185	1.183871E+0	9.156000E-4	490.933
555.013718	1.187228E+0	1.220800E-3	490.929
555.361170	1.188754E+0	0.000000E+0	490.929
555.693412	1.189059E+0	-3.052000E-4	490.920
556.022136	1.186923E+0	3.052000E-4	490.913
556.355170	1.184786E+0	9.156000E-4	490.913
556.692528	1.181429E+0	9.156000E-4	491.088
557.014576	1.177156E+0	0.000000E+0	491.085
557.352734	1.170442E+0	-3.052000E-4	491.083
557.691304	1.161286E+0	3.052000E-4	491.083
558.022396	1.152435E+0	6.104000E-4	491.081
558.357831	1.143584E+0	9.156000E-4	491.083
558.693670	1.134734E+0	0.000000E+0	491.079
559.014080	1.123441E+0	0.000000E+0	491.077
559.350708	1.112759E+0	3.052000E-4	491.048
559.695678	1.102382E+0	6.104000E-4	491.054
560.025183	1.092616E+0	1.220800E-3	491.049
